10375 10248
10161 10245
10387 10421
10529 10367
10270 10270
10416 10362
10400 10282
10395 10245
10416 10355
10387 10255
10386 10409
10137 10139
10247 10272
10378 10314
10267 10267
10349 10442
10400 10389
10582 10467
10253 10192
10422 10422
10257 10255
10413 10206
10362 10266
10309 10296
10332 10310
10449 10535
10352 10279
10170 10170
10481 10460
10310 10281
10419 10389
10089 10155
10270 10340
10117 9929
10201 10201
10421 10328
10741 10452
10728 10407
10413 10386
10229 10170
10539 10495
10444 10313
10451 10286
10191 10096
10205 10205
10341 10304
10200 10122
10400 10425
10344 10285
10864 10696
10365 10365
10272 10258
10437 10377
10293 10052
10350 10178
10391 10295
10546 10364
10413 10311
10447 10469
10375 10416
10458 10458
10401 10401
10374 10329
10376 10355
10517 10492
10466 10293
10240 10240
10247 10181
10780 10618
10652 10325
10319 10429
10091 10073
10430 10310
10603 10602
10314 10274
10326 10248
10177 10254
10328 10263
10661 10649
10354 10325
10608 10447
10321 10305
10039 10041
10372 10282
10408 10300
10285 10254
10109 10107
10239 10006
10381 10381
10456 10381
10252 10207
10512 10423
10422 10213
10368 10276
10376 10376
10480 10251
10378 10281
10499 10431
10440 10430
10354 10248
