20 15
12 2 18 7 1 9 6 19 0 10 17 16 15 5 13 3 8 4 14 11
7 13 1 17 10 15 12 6 2 0 19 18 9 11 5 4 3 16 8 14
12 7 9 10 2 17 1 6 13 19 0 4 5 16 14 8 18 15 3 11
17 12 1 6 19 7 0 10 5 9 13 18 15 2 14 16 11 4 3 8
4 17 12 7 2 19 1 13 10 6 0 5 9 18 15 14 11 3 8 16
19 7 12 18 0 9 10 6 1 17 11 13 5 8 2 14 15 3 4 16
1 18 6 17 19 0 7 10 12 9 15 5 14 8 11 13 2 4 16 3
1 7 6 12 10 9 18 2 14 0 17 13 11 5 19 8 4 3 16 15
7 12 10 5 19 9 0 15 13 4 14 8 2 1 6 18 17 11 3 16
12 19 7 17 5 13 2 1 0 15 18 14 6 8 4 16 11 10 9 3
10 9 7 0 6 19 17 5 2 4 1 18 14 13 3 15 11 16 12 8
12 1 10 19 18 5 9 0 13 7 2 16 17 4 14 11 3 8 15 6
17 7 10 12 13 1 19 0 5 18 2 6 3 4 9 15 11 8 16 14
7 19 10 12 17 0 9 18 5 13 6 1 11 3 15 4 14 2 8 16
10 6 19 0 17 18 7 9 11 15 4 16 8 5 13 14 1 3 2 12
