50 20
37 36 28 13 48 17 16 49 23 45 31 10 24 2 27 42 39 12 5 15 21 35 7 33 20 4 26 40 34 47 9 0 41 22 46 8 6 44 18 32 43 38 30 11 14 3 25 1 29 19
16 48 27 45 0 39 28 17 23 24 31 42 37 36 35 13 20 10 5 33 21 34 4 12 40 2 47 15 32 49 9 41 38 11 18 46 26 1 44 7 22 43 25 8 6 30 29 19 14 3
13 20 37 16 17 45 23 42 27 48 28 36 35 31 5 10 9 15 39 2 24 47 4 12 33 32 49 38 30 21 40 18 25 26 46 34 19 22 41 29 14 0 7 11 43 8 44 1 6 3
17 45 3 16 26 23 5 28 44 24 27 31 13 37 10 42 48 36 39 12 35 2 20 21 4 49 33 9 46 15 7 47 0 43 41 18 34 40 25 8 22 32 29 1 38 6 14 11 30 19
48 24 28 35 16 27 31 45 10 23 17 37 39 5 42 2 4 15 21 13 12 33 7 20 36 9 47 26 18 49 46 34 38 40 22 0 41 32 6 30 1 19 25 44 11 8 3 43 14 29
2 17 37 31 16 45 42 28 13 23 48 10 27 39 35 36 5 9 15 12 24 33 40 20 46 4 47 14 26 49 21 8 34 41 18 6 0 11 38 44 22 32 25 29 7 30 1 19 3 43
23 47 21 33 16 31 13 37 45 28 17 42 5 15 48 10 36 2 12 27 40 38 20 39 49 4 24 35 22 1 19 30 9 41 7 26 18 32 34 46 14 3 44 11 0 8 25 43 6 29
31 23 16 17 45 37 48 39 27 28 41 9 42 5 12 10 33 13 2 20 4 35 24 15 36 26 49 21 34 47 40 18 0 7 32 11 44 38 25 29 1 46 8 22 30 6 19 14 3 43
31 7 16 39 36 25 24 48 37 28 5 0 45 23 42 17 27 10 47 4 13 2 12 35 49 33 20 40 15 9 32 21 46 26 34 30 38 18 43 11 22 41 14 3 44 8 1 29 6 19
28 16 35 45 5 44 10 48 13 31 37 12 17 23 49 42 39 27 24 33 47 40 20 2 36 30 41 4 0 21 38 15 22 9 18 3 32 26 6 34 7 46 8 25 29 43 1 11 14 19
45 16 48 13 28 36 17 10 23 35 33 24 39 31 4 20 27 2 37 12 26 42 15 21 46 9 40 47 49 7 38 22 30 1 8 6 18 32 41 34 11 14 3 43 29 44 5 19 0 25
16 31 45 27 37 42 10 13 48 23 17 39 35 36 2 12 15 9 5 33 24 49 46 34 47 4 40 32 18 7 22 38 44 30 0 43 41 11 1 21 8 29 6 3 25 19 14 28 20 26
16 37 45 48 23 10 28 17 35 24 27 39 2 4 13 33 36 31 21 42 26 34 5 20 49 40 18 41 12 15 32 46 9 11 7 44 6 0 19 8 43 38 14 3 30 47 1 25 22 29
17 31 5 28 39 37 35 23 36 10 2 4 16 48 42 27 24 47 9 40 15 20 13 33 26 34 22 0 21 45 18 44 8 46 32 1 41 6 43 11 29 38 30 25 3 19 7 14 12 49
45 28 23 17 37 10 31 13 39 27 24 20 36 2 49 48 26 9 4 5 15 18 47 12 41 40 0 46 22 42 11 44 35 32 38 33 30 1 34 3 29 14 16 19 6 8 7 43 25 21
16 17 28 37 23 10 31 42 27 2 5 45 24 35 20 39 33 4 47 49 40 15 9 36 48 12 13 22 34 41 21 7 26 0 25 8 18 30 6 11 38 44 46 1 43 14 19 29 3 32
28 45 16 23 31 17 37 27 48 42 12 33 10 36 2 39 5 35 13 9 15 20 21 24 40 26 47 49 22 18 4 41 7 34 8 38 25 32 46 14 3 19 29 1 0 44 30 11 6 43
23 28 48 16 17 42 31 45 10 13 5 37 27 36 20 12 24 39 4 21 35 2 49 26 47 9 41 33 32 15 40 34 18 30 46 11 25 22 0 29 43 6 44 3 38 1 8 7 14 19
28 17 10 23 27 48 5 16 2 39 31 13 37 33 45 20 12 35 36 47 34 40 18 49 4 24 26 32 41 38 15 44 46 21 11 0 6 22 8 3 42 25 19 7 9 43 29 30 1 14
16 17 37 45 28 42 5 23 10 24 48 31 39 27 12 2 15 35 47 49 4 13 33 26 34 20 9 22 32 38 0 40 41 18 36 44 1 7 30 25 14 46 29 19 8 11 21 43 6 3
