2862 10676 0
2863 10531 0



2893 11214 1
2894 11014 1
2892 11226 1
2887 11302 1



2818 10138 2



2899 11094 3
2893 11194 3



2952 11010 4
2916 11015 4
2878 11082 4



2929 11431 5



2910 10702 6



2813 9783 7



2886 11006 8
2879 11122 8



2855 10751 9



2910 11079 10



2916 11754 11
2921 11465 11
2909 11826 11



2913 11113 12



2851 9828 13



2832 10467 14
2854 10078 14
2840 10182 14
2839 10191 14



2913 11262 15
2909 11609 15



2870 10855 16



2882 11237 17



2856 10113 18
2859 10079 18
2845 10172 18



2921 11421 19



2930 11354 20
2926 11598 20



2917 10982 21
2912 11039 21
2884 11267 21



2948 11628 22



2914 11140 23
2900 11412 23
2921 11134 23



2874 10488 24
2897 10279 24



2919 11186 25
2909 11485 25



2943 11542 26



2847 10179 27



2897 11288 28
2902 11011 28
2886 11454 28
2905 10926 28



2860 10572 29



2855 10534 30
2848 10615 30
2883 10476 30
2881 10481 30



2995 12313 31
2998 12180 31
2989 12336 31



2942 11387 32
2958 11261 32



2905 10898 33



2954 11667 34
2934 12167 34
2956 11598 34



2910 11017 35



2846 10602 36
2844 11038 36



2980 12401 37
2984 11711 37
2983 11725 37



2944 11594 38
2947 11523 38



2942 11742 39



2890 10992 40
2870 11197 40



2902 11135 41
2910 10950 41



2870 10493 42



2924 11089 43



2884 10523 44
2864 10637 44



2878 10901 45



2877 10806 46
2899 10717 46



2959 11844 47
2973 11704 47
2971 11779 47
2967 11805 47



2900 11216 48



2888 10638 49



