3052 12937 0



3091 14332 1
3115 14095 1
3136 14051 1



3131 14323 2



3068 13560 3
3061 13625 3



3124 13678 4
3118 13879 4



3131 14467 5



3060 13164 6



3106 14009 7
3111 13772 7
3102 14311 7



3107 14147 8



3121 14292 9



3093 13723 10



3122 14504 11



3168 14806 12
3156 15287 12
3183 14745 12
3197 14666 12



3185 14936 13



3143 14396 14



3128 14834 15



3124 14210 16



3117 14424 17
3138 13929 17



3145 14557 18
3147 14167 18



3182 15262 19



3171 14590 20
3172 14568 20
3165 15105 20



3192 14825 21



3164 15227 22
3155 15228 22



3170 14399 23
3158 14429 23
3147 14492 23



3076 12657 24



3114 13914 25
3122 13910 25
3111 14283 25



3056 12987 26



3124 14221 27



3101 13956 28



3147 14364 29
3156 14248 29
3133 14368 29
3130 14528 29



3203 14794 30
3180 14865 30



3083 14214 31
3084 14112 31



3131 14321 32
3154 14286 32



3240 15872 33
3245 15623 33
3227 16190 33
3236 16087 33



3185 14579 34



3166 14529 35



3064 13615 36



3067 13734 37
3070 13720 37
3060 13751 37



3110 13805 38



3140 15010 39
3159 14810 39



3172 14461 40
3159 14593 40
3165 14530 40
3152 14711 40



3167 14644 41
3170 14426 41



3098 13662 42
3052 13816 42



3139 14184 43
3130 14881 43



3232 16278 44
3233 16236 44
3242 16086 44



3130 14113 45
3105 14620 45
3144 13773 45



3112 13971 46



3094 13680 47
3090 13885 47
3085 14362 47
3103 13445 47



3133 14477 48
3184 14197 48
3167 14360 48
3161 14374 48



3215 15540 49



