2856 10105 0
2842 11030 0



2829 10738 1
2900 10161 1
2873 10207 1



2890 11338 2
2880 11549 2
2891 11091 2



2855 10947 3



2900 10672 4
2888 10776 4



2835 10327 5



2894 11540 6



2931 10891 7
2916 11530 7
2889 11618 7



2882 11642 8
2911 11312 8



2857 11444 9
2872 11196 9
2843 11892 9



2834 10300 10



2948 11265 11
2940 11389 11
2942 11362 11
2949 11101 11



2899 11077 12
2859 11098 12
2856 11160 12



2897 11898 13
2937 11541 13



2972 11130 14
2986 10729 14
2873 11388 14



2940 10689 15
2920 11804 15
2917 12366 15



2909 11608 16
2924 11243 16
2922 11487 16
2935 10937 16



2901 10950 17
2884 11723 17



2962 10797 18
2881 11911 18
2888 11502 18



2905 11137 19



2909 11210 20
2906 11902 20
2916 11177 20



2909 11280 21
2978 10868 21
2911 10989 21



2846 11437 22
2894 10499 22
2883 10922 22
2881 11183 22



2903 10669 23
2902 11260 23
2900 11955 23



2923 10900 24
2908 11198 24
2905 12746 24



2930 11979 25



2870 11292 26
2925 11268 26



2888 11713 27
3022 11283 27



2925 10903 28
2929 10632 28
2917 10973 28
2910 11177 28



2881 10812 29



2906 12032 30
2914 11232 30



2886 10798 31
2888 9968 31
2883 10870 31



2916 11834 32
2867 12029 32
2949 11758 32
2951 11481 32



2954 10324 33
2902 10462 33



2851 11070 34



2849 11081 35
2847 11385 35
2928 10512 35
2860 10616 35



2867 10953 36



2940 11659 37
2960 11013 37
2954 11445 37
2950 11464 37



2853 10506 38
2851 10824 38



2968 10758 39
2897 11625 39
2900 11135 39



2915 10872 40



2795 10374 41



2894 12044 42
2902 12039 42
2884 12150 42
2911 11518 42



2950 11492 43
2968 11118 43
2962 11486 43
2965 11425 43



2914 12428 44
2918 11286 44
2911 12495 44



2929 11822 45
2958 11576 45
2918 11992 45
3003 11055 45



2931 11566 46
2930 11580 46
2892 12385 46
2909 12062 46
2929 11645 46
2920 11977 46



2859 10457 47
2866 10446 47



2851 10851 48



2886 11426 49
2901 10733 49



