3323 23239 0



3350 23854 1



3387 23964 2



3358 23642 3
3398 23635 3



3383 23996 4
3382 24100 4
3380 24389 4



3366 23313 5
3368 23191 5
3365 23416 5
3375 23176 5



3364 24009 6
3358 24023 6



3424 23915 7
3448 23825 7
3355 24022 7
3436 23826 7



3432 25338 8
3433 25192 8
3436 24764 8
3428 25496 8



3381 24657 9



3339 22907 10
3326 23459 10



3384 24178 11
3383 24554 11



3428 25553 12
3441 25209 12
3436 25380 12



3396 24336 13
3397 24244 13
3391 24424 13



3367 23207 14
3360 23799 14



3448 25028 15
3476 24945 15
3438 25454 15



3389 24303 16
3432 24177 16



3367 23079 17
3362 23221 17
3361 23721 17
3357 23726 17



3410 24716 18



3331 23570 19



3403 24114 20
3415 23891 20
3406 23921 20



3394 24320 21
3390 24414 21
3389 24722 21
3375 24857 21



3333 23370 22



3382 24371 23
3375 24794 23



3365 23884 24
3363 23947 24



3405 24163 25
3366 24206 25



3447 24735 26
3434 25353 26
3436 25022 26
3439 24876 26



3434 24581 27
3426 24873 27



3337 23961 28
3360 23758 28



3419 24175 29
3411 24292 29
3404 24366 29
3420 24053 29



3421 24785 30
3385 25128 30
3412 24882 30
3401 24935 30



3411 24673 31
3406 24800 31



3406 24086 32
3385 24169 32
3390 24089 32
3388 24148 32



3386 24544 33
3387 23742 33
3379 24553 33



3376 23811 34



3357 24323 35
3411 23780 35



3421 24983 36
3408 25002 36
3415 24999 36



3395 23796 37
3378 23932 37



3368 23743 38



3400 24267 39
3383 24373 39



3389 24543 40
3396 24487 40
3382 24597 40



3350 23739 41
3354 23664 41
3337 23764 41



3357 24375 42
3362 23929 42
3358 24316 42



3385 24574 43
3400 24534 43
3383 24599 43
3408 24390 43



3402 24408 44
3446 24249 44
3442 24252 44



3367 23716 45
3366 24390 45



3395 24742 46
3471 24562 46
3474 24401 46
3432 24708 46



3389 24323 47



3349 23376 48



3375 23763 49
3404 23625 49



