3418 24467 0
3433 23940 0
3423 24100 0



3413 23626 1



3392 23490 2



3501 24607 3



3377 22978 4



3436 24427 5



3536 25757 6
3531 26234 6



3610 25999 7



3482 24565 8
3463 24655 8



3485 25012 9
3463 25222 9



3530 24882 10
3473 25365 10



3528 25858 11
3530 25816 11



3454 22912 12
3456 22873 12
3450 23349 12
3455 22907 12



3416 23797 13



3420 23049 14
3384 23232 14



3475 24229 15
3443 24576 15
3486 24034 15



3402 23748 16
3385 24090 16



3405 24002 17
3425 23773 17



3394 23554 18
3405 23491 18
3401 23524 18



3429 23282 19
3409 23364 19
3398 24171 19



3491 25105 20
3482 25256 20
3521 24586 20



3363 23723 21
3371 23175 21



3483 24331 22
3500 23750 22
3508 23746 22
3479 24873 22



3431 23901 23
3419 24464 23
3435 23597 23



3445 24276 24



3456 24541 25
3459 23862 25
3441 25105 25



3511 25885 26
3515 25156 26



3415 24125 27
3421 23361 27



3508 24411 28



3494 24596 29
3505 24581 29
3468 25202 29



3419 23282 30
3366 24024 30



3425 24877 31
3438 24145 31
3429 24495 31
3430 24336 31



3416 23363 32
3408 24343 32



3585 26437 33
3583 26902 33



3588 26356 34
3577 26404 34



3421 22926 35
3454 22858 35
3404 23713 35
3432 22874 35



3539 25918 36
3569 25684 36
3542 25728 36
3540 25830 36



3408 23845 37
3415 23739 37
3396 23890 37



3616 25281 38
3606 25464 38
3536 25840 38



3387 23275 39
3437 23270 39



3396 23290 40



3480 24616 41
3484 24440 41



3402 23329 42



3573 26194 43
3625 26012 43



3395 23126 44
3426 22478 44
3422 22656 44
3393 23787 44



3439 23781 45
3424 23809 45
3468 23706 45
3421 24508 45



3492 24509 46
3490 24625 46



3465 24622 47



3414 22711 48
3386 22874 48



3388 24464 49
3395 23227 49



