3588 25908 0



3578 25796 1



3583 25617 2



3627 26556 3



3559 25052 4



3608 26423 5



3554 25210 6



3560 25259 7



3577 25959 8



3598 26490 9



3535 25275 10
3536 25064 10



3514 25065 11



3605 26658 12
3606 26317 12



3525 25392 13



3549 25600 14
3553 25558 14



3505 24493 15



3550 24900 16



3544 25367 17



3557 25649 18



3656 27098 19



3601 26422 20
3594 26495 20
3604 26096 20



3588 25720 21
3605 25651 21



3599 25647 22
3600 25640 22
3598 25740 22



3549 25413 23
3556 25342 23



3541 25705 24



3467 23759 25
3454 23939 25



3588 26249 26



3569 25384 27



3648 26129 28



3536 25129 29



3568 25308 30



3623 26433 31



3580 26342 32
3565 26442 32
3588 26260 32



3625 26475 33



3543 24927 34



3572 25676 35



3565 26049 36



3538 25419 37



3528 25154 38



3498 24401 39



3561 25402 40



3516 24766 41



3674 27872 42



3566 25318 43
3537 25441 43



3546 24890 44



3668 27755 45
3679 27703 45



3666 27225 46
3651 27291 46



3568 25925 47



3579 25819 48
3570 25826 48



3645 26713 49



