3407 24671 0



3296 22900 1



3327 23660 2
3336 23644 2
3343 23456 2
3326 23895 2



3351 24700 3



3372 24427 4
3347 24563 4
3380 23813 4



3307 23149 5
3316 23061 5



3360 24522 6
3352 24553 6



3350 23811 7
3338 24212 7



3332 24195 8



3358 24522 9



3308 23630 10
3315 23493 10
3304 23768 10



3309 23266 11
3319 23147 11



3343 24370 12



3358 23889 13
3339 24081 13
3351 24044 13



3361 24890 14
3377 24079 14
3366 24397 14



3347 23891 15



3320 22918 16
3319 23010 16
3312 23292 16



3305 24014 17



3311 23617 18



3361 23848 19
3346 23931 19
3351 23928 19



3342 23598 20



3344 23557 21



3368 24452 22



3326 23746 23
3323 24002 23



3305 23401 24
3315 23212 24



3274 22838 25



3338 24103 26



3322 23511 27



3310 23323 28



3334 24073 29
3333 24922 29



3274 22659 30
3271 23027 30



3374 24503 31
3375 24375 31
3351 24554 31



3367 24485 32
3392 24465 32
3395 24280 32
3359 24543 32



3324 24414 33
3346 24393 33
3351 24318 33



3302 23439 34



3271 23023 35



3377 24573 36
3372 24598 36
3381 24538 36



3354 24250 37
3397 24053 37



3330 23669 38
3311 23785 38



3333 23648 39
3315 23719 39



3366 24058 40
3373 23741 40
3361 24130 40
3331 24250 40



3375 24612 41
3404 24108 41



3289 23046 42



3319 23303 43



3358 24603 44
3360 24505 44



3335 24180 45
3342 23579 45



3356 23748 46
3361 23643 46
3343 23814 46



3400 25552 47



3326 23970 48



3328 23746 49
3315 23772 49



