2974 12909 0
2973 13194 0



3015 12832 1
3004 13232 1



3014 12751 2
3012 12813 2



2990 12299 3
2989 12582 3
2998 12285 3
3002 12270 3



2964 12219 4
2982 12156 4
2985 12133 4



2985 12301 5
2984 12823 5



3003 12689 6
2990 13132 6



2988 12682 7



2999 12432 8



3007 12127 9
3009 12013 9



3008 12594 10
3004 12689 10



2991 12160 11
2984 12636 11
2976 12691 11



2993 12033 12
3002 12019 12
2988 12719 12



3041 12696 13
2991 12766 13



3093 12968 14
3073 13304 14



3025 13203 15



2980 12739 16
2975 12934 16



2996 12094 17
2988 12539 17



2986 12119 18
3031 11842 18
2958 12138 18



2961 11676 19
2931 11810 19



2973 12010 20



3029 13313 21
3032 13131 21
3035 12947 21
3018 13341 21



3032 13622 22
3050 13507 22
3013 13641 22



3017 13464 23



2992 12334 24



2972 12374 25



2956 11687 26



2995 12390 27



3035 12563 28
2986 12817 28
2993 12786 28
2992 12809 28



3000 12674 29
3017 12205 29
3015 12399 29



2984 12498 30
2967 12598 30



3082 12970 31
3036 13243 31
3035 13531 31
3101 12728 31



3086 13881 32
3071 13914 32



3008 12512 33
3028 12494 33
3004 12527 33



3004 12440 34
2997 12821 34
2987 12962 34



2993 12387 35
3013 11999 35



2978 12257 36
2979 12024 36
2974 12492 36



3055 13516 37



3026 12658 38
3023 12966 38



3049 13212 39



2995 12779 40



2992 12195 41
2979 12287 41



3004 11747 42
3001 12370 42



2960 11972 43



2979 12695 44



2984 12241 45
2992 12199 45



2987 12713 46
2981 12938 46
2983 12793 46
2971 13121 46



3047 13368 47



3044 13538 48



3004 11937 49



