2988 13122 0
2997 13098 0



3012 13541 1
2999 13881 1
3021 13374 1



2933 12326 2
2930 12527 2



3075 13858 3



3010 13085 4
3002 13347 4
2997 13448 4
2988 13498 4



3015 13484 5
3013 13827 5
3011 14085 5
3036 13302 5



2956 12493 6
2970 12480 6



2966 12714 7



3090 14216 8
3083 14237 8
3082 14352 8



3057 13612 9



2915 12503 10



2994 12784 11
2961 12988 11
2980 12785 11



3035 13542 12



3026 13140 13
2991 13199 13



2954 12304 14



2976 12680 15



2990 13152 16



2946 12280 17
2941 12344 17
2939 12520 17



2994 13555 18
2996 13466 18
2999 13423 18



2946 12119 19



2934 12052 20



2989 13158 21



2986 12622 22
2979 13186 22
2996 12584 22



2989 12470 23



3022 13299 24
3024 13293 24



2926 12198 25



2988 12968 26
2987 13457 26



3003 13040 27
2994 13258 27



2993 12483 28
2977 12647 28



3006 12796 29



2977 13015 30
2973 13168 30
2976 13020 30



2953 12452 31
2951 12456 31



2957 12608 32
2956 13368 32



2968 12996 33



2994 12882 34
2976 13157 34
2975 13307 34



2993 13721 35



2940 12469 36



2923 11935 37
2942 11851 37
2920 12304 37



3075 13930 38
3070 14120 38
3063 14136 38
3080 13427 38



2956 12673 39



2999 13682 40
3001 13500 40



2960 12588 41
2964 12362 41



2950 12392 42



2944 12109 43



3016 12682 44
3010 12796 44



3063 14250 45
3077 13589 45
3071 14247 45
3053 14366 45



3009 13307 46
3021 12652 46
3023 12636 46
3003 13540 46



2930 12637 47
2931 12501 47



2947 12144 48
2926 12244 48



2953 12658 49
2937 12741 49



