4226 14975 0
4238 14859 0



4105 13614 1



4174 14178 2
4167 14336 2



4147 13739 3
4153 13694 3



4165 14760 4



4048 12694 5



4117 14079 6



4085 14047 7



4178 14692 8
4185 14625 8
4165 14696 8



4124 14526 9



4146 13860 10



4118 13966 11
4101 14124 11



4115 13929 12



4103 13998 13
4093 14185 13



4140 14456 14
4152 14330 14



4101 13598 15



4104 13994 16



4096 13553 17



4094 13050 18



3995 12296 19
4020 11955 19



4105 13653 20
4094 13707 20



4154 14362 21



4212 15440 22
4211 15837 22



4048 12748 23
4054 12500 23



4171 14754 24



4273 15994 25
4240 16050 25



4134 14574 26
4179 14223 26
4141 14369 26



4171 14399 27
4167 14488 27



4134 13681 28



4129 13999 29
4110 14135 29



4155 13889 30
4138 14825 30



4148 14973 31
4147 15225 31
4151 14866 31



4146 14644 32



4016 12183 33



4073 13373 34



4142 14658 35



4138 13708 36



4123 14360 37



4186 14614 38



4157 14081 39



4117 14018 40
4145 13991 40



4191 13907 41



4130 14050 42



4105 13847 43



4135 13472 44
4144 13286 44



4177 14756 45



4147 13937 46



4155 14819 47



4169 14820 48



4169 14006 49



