4025 12719 0
4023 12917 0



3941 11595 1
3938 11984 1



4066 13257 2
4064 13401 2



4071 14050 3



3942 11924 4
3941 12278 4



4102 14168 5
4129 14059 5
4107 14103 5



4166 14228 6
4160 14559 6



4025 12677 7
4028 12511 7
4023 13155 7



4077 13533 8
4074 13955 8
4092 13208 8
4082 13392 8



4013 12690 9
4014 12644 9
4003 12893 9
4018 12365 9



3995 12535 10



4029 12609 11
4006 12663 11



4139 14092 12



3952 11806 13



4092 13314 14



4127 14471 15



4061 13224 16
4050 13475 16
4051 13459 16



4060 12923 17



4091 14176 18



4208 15644 19
4218 15414 19



3949 11919 20



4041 12726 21



4035 12536 22
4022 12601 22



4176 14692 23



4006 12609 24



4123 13275 25



4006 11957 26



4042 12773 27



4015 12777 28



4205 15412 29



3933 11659 30
3939 11481 30



3929 11465 31



4094 13587 32



4050 13248 33
4076 13214 33
4048 13348 33



3973 12756 34



4107 13598 35



4158 14439 36
4144 14466 36
4195 14383 36



3961 11491 37



4118 14300 38
4114 14513 38



4098 13335 39
4095 13819 39



4008 12721 40



4088 13444 41
4101 13292 41
4086 13489 41
4083 13738 41



4110 13700 42



4127 14178 43



4110 13836 44
4117 13611 44
4102 13864 44



3967 11883 45



4236 14278 46
4226 14542 46



4098 13618 47
4092 13621 47



4161 14537 48
4144 14618 48



4096 13928 49



