4226 23946 0



4272 23906 1



4355 25386 2
4350 25685 2



4213 23183 3
4212 23564 3



4345 24734 4
4333 24756 4



4315 24030 5
4314 24236 5



4280 24782 6
4277 24822 6



4259 23847 7
4250 24121 7



4294 24480 8



4320 25334 9



4248 23762 10



4321 24589 11
4304 24996 11



4331 25046 12



4249 24002 13
4253 23407 13



4346 25560 14



4252 23284 15



4386 26434 16



4231 23262 17



4350 25924 18
4345 26023 18



4320 24796 19



4345 25894 20



4220 23585 21



4336 25211 22



4394 25811 23
4393 25919 23
4375 25932 23



4255 24323 24



4331 24451 25
4280 24479 25



4363 25140 26
4348 25196 26



4356 25893 27



4265 24758 28
4292 24730 28



4395 26294 29
4372 26394 29



4319 24656 30



4306 24350 31



4261 23870 32
4255 23983 32



4333 24984 33



4383 26901 34
4395 26496 34



4245 23623 35



4301 25228 36
4306 24880 36



4259 23907 37



4339 26054 38
4368 25886 38



4323 25208 39
4331 25181 39
4321 25212 39



4361 25326 40
4343 25696 40



4220 22798 41
4211 23452 41



4322 24906 42
4315 25129 42



4262 23941 43



4351 25441 44



4392 26570 45



4248 23252 46
4247 23637 46



4327 25849 47
4323 26048 47
4338 25697 47



4313 24987 48



4194 22753 49
4193 22849 49



