3670 10811 0
3672 10760 0



3724 12010 1
3732 11757 1



3650 10585 2



3698 11334 3



3732 11129 4
3718 11430 4



3751 11497 5



3675 10935 6



3676 10847 7



3684 11065 8
3689 10917 8



3688 11339 9



3657 10533 10



3662 10976 11



3668 10867 12
3673 10652 12
3670 10729 12



3716 11524 13
3713 11670 13



3629 10843 14



3684 10640 15



3707 11199 16



3728 11604 17



3694 11523 18



3716 11854 19



3700 11564 20



3678 11014 21



3653 10794 22



3739 11960 23
3750 11912 23
3735 11969 23



3669 10907 24
3672 10874 24



3727 11881 25



3727 11176 26



3684 10879 27



3692 11386 28
3687 11530 28
3693 11217 28



3696 11394 29



3698 11547 30



3707 11482 31
3700 11807 31



3649 10757 32
3658 10645 32



3728 11579 33



3706 11657 34
3702 11968 34
3723 11637 34
3742 11415 34



3646 11007 35



3730 11547 36
3711 11625 36



3739 11759 37
3732 11889 37



3668 10698 38



3703 11232 39
3716 11092 39



3723 11801 40



3717 11425 41



3660 10840 42



3710 11211 43
3703 11268 43



3705 11402 44



3664 10927 45



3710 11685 46



3759 11913 47
3734 12304 47
3764 11910 47



3689 11210 48
3710 11191 48
3681 11226 48



3647 10518 49
3649 10376 49



