3225 21819 0
3211 22289 0
3213 21937 0



3247 22059 1
3228 22279 1



3196 21347 2



3207 22240 3
3210 22051 3
3233 21839 3



3202 21793 4



3230 22366 5
3225 22482 5



3217 21169 6
3195 21646 6



3201 21889 7
3200 22125 7



3213 22058 8



3220 21772 9



3215 21714 10
3210 22082 10



3225 22124 11



3178 21824 12



3183 21391 13



3250 22603 14
3248 22685 14



3230 21909 15



3255 22379 16
3244 22469 16



3251 22430 17
3241 22514 17



3212 21740 18



3252 22991 19
3263 22704 19



3230 21500 20
3220 21774 20
3193 21830 20



3245 22323 21
3246 22161 21



3176 21499 22



3284 22580 23
3255 22857 23
3254 22940 23



3191 21678 24



3209 22061 25



3209 21741 26



3217 21810 27



3225 21774 28



3193 21642 29



3150 20711 30
3157 20701 30



3215 21920 31
3205 21999 31



3205 21752 32



3164 21547 33



3222 21759 34
3248 21713 34



3206 21891 35
3200 22111 35



3242 22613 36
3256 22414 36



3211 21905 37
3204 22072 37



3199 22049 38



3245 21929 39



3224 22282 40



3310 22715 41
3289 23159 41
3276 23922 41



3196 21366 42



3197 21901 43



3195 21493 44
3209 21486 44



3177 21360 45



3208 21793 46



3230 22117 47
3232 22090 47
3204 22259 47
3220 22219 47



3211 21843 48
3206 21874 48
3215 21820 48



3151 20407 49



