4362 24120 0
4353 24177 0



4365 24787 1
4355 25237 1



4327 24090 2



4331 24310 3



4384 24911 4



4362 24705 5



4380 24498 6
4353 24577 6



4358 24546 7



4388 25333 8
4375 25380 8



4334 24371 9



4393 25110 10
4389 25423 10



4426 24932 11
4410 25503 11



4360 24339 12



4357 24678 13
4347 24679 13



4435 26405 14



4462 26007 15



4443 25251 16
4414 25306 16
4413 25742 16



4408 24612 17
4407 25457 17



4372 24260 18
4359 24406 18



4462 26070 19



4424 25792 20
4388 25906 20



4394 24699 21
4413 24657 21
4401 24694 21



4444 25877 22



4342 24661 23



4397 25836 24
4400 25784 24
4412 25459 24



4483 26845 25
4477 26934 25



4381 25173 26



4387 25196 27



4429 26002 28
4447 25946 28



4441 25974 29
4469 25949 29



4371 24564 30
4390 24531 30
4363 24808 30



4374 24592 31



4379 25013 32



4393 25434 33
4415 25150 33
4383 25556 33



4424 24816 34
4413 25043 34
4401 25311 34



4464 25901 35
4437 26072 35



4439 25550 36



4350 24434 37



4419 25083 38
4414 25124 38



4341 23687 39



4368 24847 40
4394 24773 40
4384 24843 40



4363 25072 41



4458 26429 42
4452 26529 42
4444 26599 42



4342 24158 43



4419 26220 44
4423 25828 44
4422 25871 44



4302 23666 45



4499 26907 46
4496 27453 46



4420 25864 47



4454 26585 48
4455 25557 48



4352 24291 49



