4538 26555 0



4381 24026 1



4498 25808 2
4471 26071 2



4377 23902 3



4460 24709 4
4467 24225 4
4439 24715 4



4336 23356 5



4472 24968 6



4407 23595 7
4400 24633 7



4442 24876 8
4446 23850 8



4519 26067 9



4388 24265 10



4423 23431 11



4413 24546 12



4456 25217 13
4502 25195 13



4472 25709 14
4499 25555 14
4465 26009 14



4444 24117 15



4563 26081 16



4373 23229 17



4484 25734 18
4535 25436 18
4493 25642 18



4427 24602 19



4405 24368 20



4465 25286 21



4428 24929 22



4457 24983 23



4409 24909 24



4400 24097 25



4367 23415 26



4433 25079 27



4386 23959 28



4423 24894 29



4424 24158 30



4407 24223 31



4412 24653 32



4458 25357 33



4357 23212 34



4438 24927 35
4457 24809 35



4344 23434 36



4483 25694 37



4437 24051 38
4381 24108 38



4536 26044 39
4535 26572 39



4499 25632 40
4498 25757 40
4490 25877 40



4477 25776 41
4468 25977 41



4520 26411 42



4401 23931 43



4417 25209 44



4452 25254 45
4473 24970 45
4450 25284 45



4357 23277 46
4345 23340 46



4402 24495 47



4453 25536 48
4454 25441 48



4564 27148 49
4595 26358 49



