3663 9299 0



3706 9371 1



3665 8988 2



3777 9973 3
3740 9980 3



3648 9265 4
3653 9091 4



3749 9208 5
3728 9229 5
3707 9519 5



3680 9338 6



3620 9312 7
3683 9118 7
3649 9261 7



3679 9186 8
3675 9251 8
3680 9106 8



3642 9221 9
3644 9011 9



3623 8930 10



3654 9047 11
3652 9125 11



3744 10210 12
3729 10305 12



3647 8886 13
3652 8596 13
3637 9016 13



3709 8937 14
3678 9000 14



3635 8431 15



3743 10094 16



3659 9326 17



3696 9627 18



3624 8763 19



3684 8894 20
3675 9023 20



3725 10859 21
3823 10625 21



3729 9942 22
3723 10117 22
3730 9814 22



3701 9201 23
3708 9069 23
3691 9254 23



3691 10129 24



3788 10536 25
3800 10511 25



3688 9167 26



3720 9592 27
3718 9812 27



3703 9226 28
3682 9257 28



3772 10333 29
3764 10533 29
3752 10659 29



3681 9878 30
3720 9599 30
3714 9678 30



3702 9270 31
3724 9160 31



3624 8927 32



3683 8902 33



3752 10127 34
3747 10379 34
3758 10006 34



3723 9546 35
3711 9902 35
3710 10005 35
3717 9865 35



3696 9698 36



3683 9270 37



3689 9910 38



3631 8404 39
3641 8386 39
3627 8410 39



3717 9910 40



3690 9356 41



3727 10560 42



3726 9737 43
3735 9573 43



3748 9813 44
3757 9662 44



3680 9173 45
3669 9424 45



3710 9891 46
3712 9710 46



3756 9341 47
3726 9540 47



3634 9023 48
3630 9259 48



3734 9775 49



