4223 21827 0



4148 20276 1



4181 20948 2
4171 21096 2
4170 21255 2



4243 21848 3



4164 21395 4



4191 21328 5



4121 19906 6



4196 21327 7
4201 20961 7
4192 21438 7



4131 20032 8
4113 20282 8



4196 21409 9
4174 21592 9



4140 20402 10



4171 21181 11



4119 20041 12



4171 21424 13
4174 21044 13



4189 21239 14
4198 21109 14



4127 19319 15



4210 21265 16
4204 21567 16



4212 22027 17
4218 21636 17
4223 21553 17
4257 21512 17



4165 20723 18
4185 20714 18



4259 22403 19
4254 22458 19
4261 22330 19
4216 22536 19



4136 19939 20



4153 21306 21



4199 20860 22



4173 21247 23



4161 21635 24
4173 21350 24



4140 20188 25



4123 20707 26



4194 20850 27
4214 20584 27



4178 21196 28



4198 20883 29



4222 22216 30
4263 21799 30
4259 21916 30
4248 21939 30
4235 21986 30
4228 22127 30



4175 20821 31
4186 20720 31
4172 20874 31



4170 20915 32
4156 21107 32
4174 20767 32



4138 20838 33
4170 20801 33



4175 20768 34



4158 20453 35



4105 19829 36



4148 20044 37
4156 19375 37
4154 19924 37



4180 20898 38
4186 20570 38
4163 21056 38



4147 20724 39



4179 21154 40



4135 20655 41
4161 20414 41
4144 20495 41



4168 20569 42
4162 20814 42



4159 20619 43



4140 19649 44



4200 20284 45
4176 20668 45



4248 22275 46



4152 20903 47



4124 20060 48



4120 19709 49



