3957 10507 0



3992 12067 1
4010 11468 1
4007 11625 1
3990 12414 1



3884 9778 2
3899 9717 2
3873 9851 2



3948 10036 3
3922 10168 3
3912 10830 3



4019 11137 4
4001 11241 4



4073 10144 5
4103 9857 5
3918 10700 5



3962 12191 6
4038 11084 6
3963 11203 6



3975 10507 7



3928 11120 8
3972 10310 8



3972 10570 9



4024 9860 10
3976 10111 10
4026 9671 10



3978 11566 11
4000 11083 11
4018 11004 11
3962 12024 11



3952 10808 12
3977 10762 12
3997 10602 12
4024 10353 12



3966 9609 13
3906 9674 13



3936 11065 14
3930 11151 14
3939 10451 14



4010 10676 15



3970 10261 16
3987 10243 16
3958 11248 16



3905 10773 17



4053 11139 18
4059 10765 18
3976 11292 18



3991 10978 19
3960 11290 19
4076 10688 19



3908 10389 20



3927 10263 21



3929 10321 22
3934 10041 22
3924 10855 22



4170 10520 23
3942 10796 23
3978 10615 23
3927 10824 23



3951 10124 24
3974 9770 24



4079 12191 25
4083 11004 25



4047 11225 26
4017 11275 26
4055 10854 26
3996 11584 26



3912 10562 27



3968 10565 28
3967 11198 28
3928 11225 28



3934 10025 29
3928 10100 29



3890 9683 30



4001 10624 31
3957 10641 31
3948 11235 31
3940 11659 31



3963 10559 32
3987 10384 32
3958 11068 32



3925 11426 33
3963 11411 33
3975 11201 33
3991 11160 33



3975 11232 34
4066 10591 34



3977 10460 35



3990 11358 36
3969 11379 36
4018 10731 36
3943 11523 36



3965 10689 37
3955 10699 37



4166 11486 38
3939 11700 38



3989 11473 39
3978 11561 39



3948 10619 40
3960 10553 40
4032 10536 40
3910 10692 40



3953 10751 41
3964 10524 41
3920 11106 41



3978 10511 42
3957 11595 42
4053 10215 42
3952 11608 42



3974 10044 43



3927 9909 44



3969 10637 45
3940 11346 45



3978 10014 46
3948 10120 46



3957 11171 47
3990 10614 47



4001 10965 48
4029 10962 48



3962 11603 49
3966 10606 49
3964 11383 49



