4984 10366 0
4990 10208 0
4982 10392 0



4909 9758 1



4901 9871 2



4921 9722 3



4876 9169 4



4916 9961 5



5005 10361 6
4958 10416 6



4972 9994 7
4966 10140 7



4866 9029 8



4981 10589 9



4900 9744 10



4910 10032 11
4908 10198 11



4907 9794 12
4904 9932 12



4881 9475 13
4887 9326 13



4875 9356 14



4936 10291 15



4894 9470 16



4933 10030 17
4924 10117 17



4958 10708 18



4943 10252 19
4989 10038 19
4925 10294 19



4876 9697 20
4880 9593 20



4844 8979 21
4857 8969 21



4873 9495 22



4927 9695 23



4941 10233 24



4947 10041 25
4937 10119 25



4868 9283 26



4926 9835 27
4911 10118 27
4917 9837 27
4913 9963 27



4929 9870 28
4924 10006 28



4939 9967 29



4884 9187 30
4879 9524 30



4987 10526 31



4907 9512 32



4904 9432 33



4944 10464 34



4866 9329 35



4892 9854 36
4891 10020 36
4900 9816 36



4915 9976 37



4891 9663 38
4893 9494 38



4914 9827 39



4976 10399 40
4973 10469 40



4897 9641 41
4885 9667 41



4884 9455 42



4868 9472 43
4870 9452 43
4862 9572 43



4958 10006 44
4955 10210 44
4941 10264 44



4982 10693 45
4981 10817 45



4999 10571 46



4959 10091 47



4900 9791 48
4897 9796 48
4907 9635 48
4901 9743 48



4933 10561 49
4968 10423 49



