5361 25942 0



5423 26391 1
5456 26369 1



5448 25964 2
5411 26376 2



5446 26387 3



5433 26411 4



5464 26871 5
5463 26938 5
5453 27702 5
5494 26848 5



5219 23115 6
5227 23094 6



5444 26537 7
5418 26956 7



5458 26107 8



5331 24608 9



5425 26008 10



5483 27385 11
5485 26608 11



5339 24904 12



5391 25630 13



5481 26087 14
5470 26377 14



5334 24130 15
5330 24691 15



5321 24262 16



5465 27008 17



5480 26199 18
5443 26655 18



5424 26264 19
5422 26432 19



5360 24866 20
5322 24871 20



5322 25304 21
5345 25003 21
5310 25468 21
5344 25109 21



5380 26321 22



5449 25947 23
5442 26750 23



5430 26272 24



5297 24014 25



5448 26549 26
5438 26897 26



5410 24590 27



5404 25988 28
5398 26173 28



5441 26970 29



5453 26738 30



5285 23873 31



5387 25745 32



5451 26335 33



5325 24192 34
5309 24606 34



5411 26206 35



5391 24405 36
5353 24949 36



5356 24309 37
5354 24618 37
5339 24660 37



5366 24974 38
5349 25081 38



5427 26279 39



5401 25456 40
5421 25253 40
5379 26020 40
5414 25444 40



5430 26843 41
5446 26126 41



5483 26749 42
5465 27011 42
5461 27063 42



5402 25192 43



5393 26064 44
5411 25614 44



5422 25026 45
5421 25091 45
5393 25737 45
5419 25584 45



5475 25411 46
5412 25538 46



5450 26126 47
5417 26171 47



5512 27359 48
5487 28040 48
5499 27667 48
5516 27302 48



5397 25693 49



