5503 26910 0



5318 23730 1



5450 25272 2
5438 25877 2



5452 26229 3
5463 26121 3
5445 26799 3



5374 25212 4



5330 23585 5



5440 26103 6
5424 26146 6



5423 24726 7
5409 25030 7



5418 25921 8
5450 25373 8



5314 23660 9
5304 23857 9



5420 25263 10
5436 25197 10
5412 25593 10



5394 24626 11
5385 24641 11



5541 26448 12
5448 26476 12



5305 23744 13



5356 24323 14
5357 23325 14



5445 26016 15
5452 25961 15
5425 26068 15



5430 25691 16



5384 24304 17



5395 25555 18



5381 24788 19
5377 25215 19



5401 25675 20
5407 25469 20
5409 25349 20



5338 24379 21



5441 25645 22
5438 26323 22
5431 26440 22



5316 22606 23
5305 23234 23



5463 25546 24
5435 25789 24



5277 22496 25



5387 24458 26
5386 24705 26



5409 24436 27
5370 25391 27



5421 25797 28
5441 25481 28



5400 25638 29
5414 25439 29
5408 25602 29



5259 22758 30



5379 24178 31
5351 24370 31



5440 25130 32
5414 25621 32



5381 24939 33
5399 23831 33



5351 23508 34



5390 24391 35
5360 24728 35



5326 23599 36



5349 24166 37



5383 23440 38
5349 23837 38



5255 21967 39



5438 25338 40
5406 25487 40



5444 25638 41



5299 22721 42
5306 21936 42
5298 23092 42



5406 24812 43
5402 25350 43



5385 24107 44



5481 25123 45
5391 25245 45



5447 26796 46
5474 25889 46
5455 26021 46



5441 26293 47
5447 26207 47
5420 27089 47



5400 24835 48



5457 26331 49



