5424 20862 0
5397 21430 0



5379 19079 1
5368 19278 1



5420 21041 2
5405 21145 2
5412 21061 2



5390 20189 3



5374 19538 4
5362 19796 4



5441 20468 5



5464 21192 6



5470 20651 7
5442 21128 7



5389 19381 8



5383 20082 9



5480 21958 10
5472 22133 10



5454 21139 11



5472 21606 12



5407 19027 13
5393 19431 13
5392 19861 13



5371 19860 14



5380 19450 15



5389 19800 16
5381 20431 16
5386 19994 16



5450 21371 17



5429 21553 18
5430 21194 18



5273 18556 19



5434 21380 20



5510 22041 21



5527 23033 22
5549 22824 22



5439 21082 23



5461 21871 24



5337 19595 25



5434 20946 26



5444 20888 27



5413 20645 28



5387 20504 29



5462 20690 30
5431 20832 30
5446 20788 30



5332 19318 31



5286 18873 32



5519 22390 33



5459 21605 34



5431 20785 35
5421 20840 35
5417 21013 35



5380 20361 36
5375 20423 36
5392 20091 36



5321 19092 37



5435 21579 38
5436 21424 38



5405 20046 39



5410 20461 40
5405 20680 40



5369 19417 41
5354 19517 41



5418 20773 42
5427 20621 42
5428 20425 42
5426 20691 42



5464 21197 43
5459 22174 43



5390 19684 44



5389 20265 45



5540 22800 46
5534 23812 46



5439 20959 47



5327 18824 48



5441 20071 49
5387 20136 49



