4792 8602 0
4797 8442 0
4791 8979 0



4831 9443 1
4834 9174 1



4840 9088 2
4826 9385 2



4858 9661 3
4871 9446 3



4839 9277 4



4875 9445 5



4873 9799 6
4894 9655 6
4872 9846 6



4904 10769 7



4827 9142 8



4925 10512 9



4934 10077 10
4896 10294 10



4888 10032 11
4913 9749 11
4894 9900 11
4866 10238 11



4880 9558 12
4850 9780 12
4862 9633 12
4855 9654 12



4849 9649 13



4853 9597 14



4984 11003 15
4949 11112 15



4856 10245 16



4862 9483 17



4835 9763 18



4836 8928 19



4845 8750 20
4826 8820 20



4917 10552 21
4913 10627 21
4941 10213 21
4923 10409 21



4903 10215 22
4913 10089 22
4893 10353 22



4841 9227 23



4818 9305 24



4873 9888 25



4826 9570 26



4797 8763 27



4821 8947 28



4900 9914 29
4888 9978 29



4861 9805 30
4857 9896 30



4831 9064 31



4817 9238 32
4806 9378 32
4812 9321 32



4916 10767 33



4866 10137 34



4843 9471 35
4835 9564 35



4967 10622 36



4882 9825 37
4875 10199 37



4869 9442 38



4891 9921 39
4902 9866 39



4844 9125 40



4833 9266 41



4822 9116 42



4832 9331 43



4844 9427 44
4857 9410 44
4841 9443 44



4872 9768 45
4857 9868 45
4873 9688 45



4891 10526 46
4896 10386 46



4901 10059 47
4890 10775 47



4954 11114 48
4948 11204 48
4962 11081 48
4966 11006 48
4982 10974 48
4970 10997 48



4868 9822 49



