4826 9400 0
4747 9436 0



4858 9610 1
4811 9870 1
4785 9994 1



4839 10758 2
4844 10013 2



4820 9860 3



4757 9289 4
4754 9561 4
4767 9123 4



4749 9143 5



4809 10086 6
4822 9466 6
4814 10026 6
4807 10300 6



4785 9261 7



4740 9270 8



4798 9730 9



4709 8388 10
4720 8166 10



4725 9536 11
4794 9421 11



4826 10253 12
4790 10274 12



4881 9927 13



4788 9643 14



4711 8153 15
4673 8286 15



4677 8692 16



4713 9237 17
4728 9140 17
4701 9251 17



4781 9739 18



4794 9904 19



4771 8946 20
4746 9235 20



4846 10176 21



4687 8528 22
4682 8858 22



4917 10804 23



4765 9328 24



4811 10030 25



4804 9876 26



4812 10049 27
4828 10008 27



4790 9772 28
4842 9412 28



4661 8528 29



4777 9355 30
4776 9390 30
4782 9234 30



4869 10844 31



4703 8411 32



4784 10060 33



4821 10185 34
4816 10510 34



4900 12109 35
4951 11555 35
4925 11797 35
4913 11853 35



4696 8231 36



4800 9870 37



4751 9449 38
4735 9465 38
4753 9402 38



4813 9222 39



4697 8330 40



4833 10308 41
4844 10181 41
4809 10380 41



4722 8919 42
4733 8780 42



4694 8614 43



4808 10166 44
4814 9844 44
4813 9987 44
4788 10560 44



4798 9648 45
4782 9776 45



4701 8033 46



4798 9819 47
4793 10081 47



4830 10618 48



4812 9526 49
4802 10008 49



