5306 24379 0



5227 24207 1



5243 24473 2
5249 24418 2



5269 23890 3



5266 24375 4



5294 24616 5
5296 24462 5
5286 24702 5



5261 23790 6



5243 23597 7
5256 23401 7



5215 23649 8



5349 25757 9



5315 23919 10
5231 24036 10



5300 24261 11



5220 22763 12



5299 25549 13
5312 25282 13



5340 26207 14
5343 25764 14



5311 25385 15



5243 24217 16
5276 23445 16



5344 24756 17
5303 25167 17



5225 23425 18
5213 23872 18



5263 23234 19



5262 23747 20
5299 23254 20
5316 22983 20



5298 24229 21



5297 24919 22



5287 24315 23



5321 25097 24
5357 24862 24
5310 25493 24



5238 23767 25



5299 25254 26



5185 22811 27
5196 22736 27



5220 23221 28



5255 23862 29



5218 23647 30



5316 25205 31
5335 25021 31



5247 23719 32



5380 26370 33
5383 25488 33



5235 23778 34



5221 23293 35
5193 23363 35
5195 23329 35



5348 24152 36
5313 24207 36



5318 24406 37
5295 24471 37
5319 24280 37



5349 25382 38
5348 25759 38



5281 24340 39



5269 23178 40
5254 23599 40
5261 23344 40



5203 22626 41
5199 22765 41



5332 25387 42



5256 24097 43
5247 24111 43



5336 25598 44



5285 24254 45
5280 24841 45



5168 23014 46
5176 22982 46



5332 25696 47
5334 25302 47



5364 25956 48



5235 24138 49



