4910 10528 0
4943 10474 0
4936 10479 0
4900 10530 0



4943 10833 1
4950 10768 1
4935 10997 1



4864 10185 2



4884 10483 3



4890 10247 4



4882 10097 5
4875 10220 5



4956 10806 6
4926 11343 6



4911 10128 7



4862 10052 8



4884 10423 9
4904 10378 9



4846 10026 10
4894 9972 10



4909 9721 11
4892 10318 11



4822 9198 12



4856 10019 13



4928 10938 14



4918 10622 15
4915 10893 15



4888 10162 16
4931 10099 16



4882 10393 17



4847 9416 18



4833 9723 19



4902 10409 20



4882 10406 21



4867 9652 22
4862 9707 22
4853 10040 22



4886 9535 23



4882 10451 24
4913 10357 24



4852 9746 25



4872 10087 26
4861 10175 26



4849 9544 27
4853 9440 27



4928 10458 28
4935 10019 28
4915 10685 28



4962 10910 29
4917 11127 29



4901 10259 30
4879 10399 30
4878 10665 30



4864 9667 31
4867 9354 31
4862 9959 31



4881 10507 32
4887 10492 32
4892 10401 32



4908 10156 33
4897 10382 33



4864 9335 34
4844 9434 34
4837 9633 34



4872 10042 35
4887 9774 35



4885 10796 36



4905 10869 37
4915 10250 37
4911 10831 37
4909 10867 37



4942 10196 38
4912 10245 38
4925 10211 38



4866 9478 39
4862 9724 39



4859 10323 40
4866 10316 40
4879 10062 40
4873 10064 40



4964 10884 41
4942 10974 41



4799 9246 42



4929 10686 43
4927 11244 43



4827 9646 44
4842 9370 44
4834 9481 44
4828 9515 44



4856 9731 45
4855 10045 45



4877 10157 46



4920 10841 47
4928 10569 47
4890 10969 47



4891 10289 48



4963 10850 49
4961 11151 49
4994 10783 49



