4326 7996 0
4333 7740 0



4304 7252 1
4281 7293 1



4274 7558 2



4357 8123 3
4347 8423 3



4304 7610 4



4300 7733 5
4308 7599 5



4279 7419 6



4316 7402 7
4306 7449 7



4314 7847 8



4295 7480 9



4351 8330 10
4358 8319 10
4350 8341 10



4337 7826 11
4332 8019 11



4315 7569 12
4308 7684 12



4302 7724 13



4346 7804 14



4271 7012 15



4334 7878 16



4284 7443 17



4295 7756 18
4321 7581 18
4315 7647 18



4338 7990 19
4346 7924 19



4280 7460 20



4266 7115 21



4369 8406 22
4335 8585 22
4375 8394 22



4333 8035 23



4323 7998 24



4350 8083 25



4330 7646 26



4360 8267 27
4357 8380 27
4368 8008 27



4284 7187 28



4347 8354 29



4317 7421 30



4327 8081 31



4309 7702 32



4266 6999 33



4384 8683 34



4254 7065 35



4333 8167 36
4332 8692 36



4274 7083 37



4375 8426 38
4372 8950 38



4297 7407 39



4347 8287 40
4346 8301 40
4362 8018 40
4355 8237 40



4308 7439 41
4321 7164 41
4306 7583 41



4308 7638 42



4278 7383 43



4329 8224 44
4331 8062 44
4332 8036 44
4337 8025 44



4324 7799 45
4309 8143 45



4276 7176 46
4270 7239 46
4282 7058 46



4322 7893 47
4338 7862 47



4283 7046 48



4352 8408 49
4355 8126 49
4346 8842 49



