4204 22667 0
4193 22788 0
4209 22549 0



4213 22283 1
4191 22284 1



4255 22803 2
4215 22831 2



4216 22885 3
4205 22913 3



4238 23546 4



4264 22892 5
4265 22713 5
4248 22938 5



4166 21782 6



4264 22772 7
4241 22782 7



4261 22996 8
4265 22885 8
4222 23068 8



4262 24153 9
4272 23994 9
4267 24070 9



4170 22026 10



4214 22570 11



4265 23753 12



4156 21901 13



4117 20814 14
4129 20472 14



4206 22429 15
4198 22696 15



4247 22813 16



4189 22209 17



4258 23930 18
4275 23836 18
4253 24020 18



4200 22929 19
4205 22864 19



4220 22680 20
4216 23056 20
4245 22547 20



4186 21674 21



4167 22165 22



4205 22082 23



4268 22852 24
4265 22893 24
4246 23841 24
4257 23551 24



4190 21695 25



4201 22033 26
4196 22192 26
4210 21948 26



4235 23201 27



4232 23418 28



4186 22773 29



4192 21894 30
4199 21878 30
4186 22069 30



4272 23471 31



4281 23057 32
4249 23133 32



4175 21513 33



4370 25316 34
4363 25862 34



4134 21352 35
4149 21105 35



4239 23982 36
4256 23576 36
4242 23802 36



4136 20873 37



4232 23437 38



4250 22383 39



4101 20653 40
4095 20830 40



4242 23496 41
4243 23055 41



4207 23016 42



4269 23826 43



4280 23295 44
4279 23561 44
4270 23835 44



4191 22272 45
4225 22209 45
4173 22287 45



4203 22055 46



4198 22126 47



4243 22969 48
4238 23249 48



4170 22008 49
4164 22077 49



