5720 10825 0



5791 11871 1



5605 8392 2
5574 8400 2



5589 8952 3



5640 9278 4
5635 9506 4



5667 9931 5
5659 9945 5



5582 8613 6



5602 9333 7



5544 8074 8



5584 8356 9
5565 8535 9



5672 10222 10
5674 10019 10



5546 8451 11



5609 9217 12



5624 8593 13
5597 8685 13



5621 8951 14



5650 9538 15
5656 9482 15



5706 10783 16



5541 8139 17
5538 8161 17



5655 10065 18



5645 9800 19



5646 9591 20



5638 9437 21



5702 10188 22
5687 10485 22



5654 9175 23



5604 8482 24



5626 8939 25



5655 10094 26
5677 9954 26
5654 10132 26



5681 10163 27
5680 10468 27
5679 10489 27



5623 9414 28
5633 9321 28
5634 9129 28
5620 9492 28



5671 9838 29



5636 8806 30



5583 8234 31
5569 8289 31



5597 8752 32
5592 8779 32



5596 8596 33
5585 8699 33
5587 8636 33



5699 10450 34
5690 10500 34



5661 9954 35



5639 9532 36
5640 9503 36
5632 9736 36



5687 10240 37



5648 9876 38



5628 8871 39
5627 8983 39



5658 9714 40



5593 8525 41



5587 8795 42



5577 8303 43



5667 9936 44



5634 9323 45
5640 9190 45



5698 10304 46
5680 10572 46



5619 9010 47



5580 8918 48



5727 10530 49



