6127 18468 0
6135 17871 0



6260 20857 1
6268 20831 1
6254 21085 1



6217 19775 2



6190 19700 3



6193 20055 4
6209 19352 4
6186 20358 4
6202 19672 4



6185 19267 5



6147 18467 6



6142 19415 7



6259 21649 8
6264 20764 8



6272 20872 9
6258 21025 9



6213 20345 10
6218 19597 10



6211 19223 11
6183 19407 11



6157 19057 12



6152 19622 13
6170 18570 13
6165 19164 13



6110 17550 14
6127 17132 14



6161 19141 15



6264 20982 16
6266 20859 16



6291 21385 17



6258 19819 18



6102 18331 19



6196 19683 20



6219 20260 21
6209 20430 21



6219 19880 22



6189 19522 23



6244 20385 24
6251 20191 24



6103 18234 25



6158 18611 26



6151 19004 27
6155 18908 27
6173 18836 27



6206 18863 28
6200 18950 28



6092 18493 29
6107 17872 29



6260 19684 30
6258 20719 30



6216 20381 31
6215 20552 31



6298 20673 32



6199 20027 33



6219 19974 34



6267 21462 35



6254 20405 36
6252 20574 36
6259 20390 36
6224 20786 36



6189 20118 37
6185 20376 37



6220 19703 38



6163 19483 39



6260 20280 40
6249 20918 40



6285 21641 41
6314 21557 41



6125 18770 42
6124 18784 42
6113 18904 42



6109 18789 43



6108 18734 44



6206 19586 45
6220 19452 45
6203 19804 45



6076 17349 46



6193 19556 47



6189 19506 48



6170 19094 49



