5730 8964 0



5764 8814 1
5732 8873 1



5728 8031 2



5730 8904 3



5728 8822 4



5797 9696 5



5728 8590 6



5748 9279 7



5823 9992 8



5728 8758 9



5728 8259 10



5781 9487 11



5728 8857 12



5765 8830 13
5733 8970 13



5728 8467 14



5728 8829 15
5741 8773 15



5728 8392 16



5728 8923 17



5751 8579 18
5737 8695 18



5750 8893 19
5728 9012 19



5797 9316 20



5728 8851 21



5748 8926 22



5737 8961 23
5728 9053 23



5733 8742 24
5728 8881 24



5744 9009 25
5743 9078 25
5750 8705 25



5728 8917 26



5735 8868 27
5729 8989 27
5728 9065 27



5728 8332 28



5728 8521 29



5746 9086 30
5740 9248 30



5728 8757 31



5755 9231 32



5741 9012 33
5747 8959 33
5728 9081 33



5732 9387 34
5737 9111 34
5728 9417 34



5728 8573 35



5728 8235 36



5728 8766 37



5728 8206 38



5760 8839 39



5741 9050 40
5750 8749 40
5728 9207 40



5728 8562 41



5797 9391 42



5781 9507 43
5784 9231 43



5728 8660 44



5731 8790 45



5728 8521 46



5747 8606 47
5745 9067 47



5728 8625 48



5798 8882 49
5797 9230 49



