6491 26711 0



6457 25405 1



6463 26175 2



6543 26912 3
6545 26579 3
6542 27250 3



6377 24320 4



6453 25348 5
6446 25377 5



6427 24730 6



6390 24837 7



6418 25336 8
6449 24978 8



6524 26709 9
6508 26774 9
6546 26534 9



6428 25062 10



6404 24356 11



6377 23903 12



6449 26212 13



6458 25930 14
6435 25995 14



6548 27144 15
6575 26805 15



6508 27182 16



6471 26759 17



6481 26201 18



6430 24242 19



6476 26005 20



6476 26295 21
6458 26547 21



6420 25073 22
6430 24674 22
6417 25307 22



6539 27209 23



6370 24312 24



6437 25742 25
6466 25719 25
6468 25705 25



6482 25982 26
6468 25994 26



6456 25783 27



6546 27234 28



6445 25617 29



6470 26339 30
6477 26287 30



6404 24238 31
6384 24648 31



6494 26153 32
6483 26578 32



6509 26136 33
6516 25853 33
6506 26495 33



6544 28283 34



6458 25763 35
6472 25636 35
6493 25488 35



6439 25365 36



6429 24194 37



6498 26589 38



6337 23747 39



6409 25338 40
6437 25163 40
6438 25117 40



6550 27599 41



6479 25970 42
6481 25436 42
6466 26072 42



6393 24677 43



6421 25388 44



6444 25704 45
6494 25507 45



6493 25733 46
6486 26253 46



6354 23665 47



6461 25595 48



6351 23077 49
6338 23554 49



