6501 26346 0
6510 25980 0
6489 26368 0



6564 28022 1
6552 28462 1



6437 24383 2
6436 25213 2



6587 27424 3



6492 24953 4



6510 25809 5



6547 27623 6
6577 27150 6



6512 26408 7
6551 25911 7



6569 26499 8



6631 27769 9
6610 28300 9



6461 24635 10
6448 24670 10
6439 25010 10



6483 25485 11
6502 25099 11



6508 25694 12
6477 26482 12
6500 25816 12



6571 27114 13



6465 24954 14
6452 25116 14



6530 26433 15



6515 26316 16
6530 25677 16
6561 25396 16



6622 27827 17
6598 28552 17



6549 27331 18



6556 27348 19



6552 26500 20



6690 29240 21
6634 29424 21



6515 26746 22
6508 26825 22



6487 25768 23



6495 26399 24



6444 24483 25



6509 26294 26



6596 26315 27
6583 26596 27
6580 27155 27



6486 25245 28
6513 24642 28
6480 25282 28



6547 26399 29
6527 26937 29
6530 26844 29
6536 26484 29



6515 25299 30



6434 25297 31



6566 27426 32
6567 27405 32
6554 27600 32



6635 26804 33
6581 28127 33
6596 27549 33



6489 25623 34



6709 29776 35
6692 30005 35



6491 25293 36



6609 27772 37
6617 27573 37



6594 27427 38



6477 25226 39
6484 24716 39



6468 25107 40



6463 25044 41
6456 25679 41



6435 24317 42
6428 24584 42



6467 25163 43



6639 27898 44
6616 28210 44
6628 27899 44



6615 27663 45
6623 27404 45



6564 27749 46



6491 24925 47



6495 26442 48
6483 26488 48



6608 28326 49



