5709 7567 0
5691 7593 0



5773 8233 1
5791 7692 1
5771 8344 1
5785 8102 1



5781 8639 2



5788 8333 3



5715 7534 4



5701 7124 5



5836 8986 6



5706 7745 7



5730 7877 8



5729 7606 9



5720 7484 10
5713 7816 10



5753 7895 11
5744 7931 11



5717 7340 12



5751 7649 13



5798 8597 14
5781 8663 14



5736 7662 15



5711 7573 16



5770 8148 17
5768 8335 17



5800 8521 18



5713 7756 19
5718 7658 19



5732 7628 20



5739 7635 21
5722 7639 21



5687 7490 22



5849 9075 23



5771 8157 24
5764 8201 24



5762 8376 25



5761 7903 26



5742 7892 27
5756 7871 27



5779 8544 28
5807 8478 28
5776 8804 28



5755 8180 29
5779 8173 29
5788 8091 29
5754 8194 29



5686 7089 30



5758 8259 31



5754 8438 32



5816 8572 33
5811 8855 33
5801 8996 33
5807 8930 33



5760 8176 34
5744 8227 34



5741 7725 35



5694 7405 36



5727 7444 37
5731 7250 37



5695 7489 38



5782 7988 39
5774 8311 39



5780 8236 40
5825 8221 40
5773 8316 40



5745 7757 41



5800 8346 42



5692 7561 43



5806 8775 44
5808 8522 44
5807 8681 44



5803 8453 45
5796 8652 45



5789 8010 46



5749 8263 47



5715 7622 48



5815 9201 49
5841 8454 49
5829 8745 49
5820 8839 49



