5225 20677 0
5249 20509 0



5245 20132 1



5324 21918 2
5323 22358 2



5300 22178 3
5312 21646 3
5291 22273 3



5322 21866 4



5197 19182 5
5194 19287 5



5317 22111 6
5330 21617 6



5323 22610 7
5387 22603 7



5232 20039 8



5215 19280 9
5188 19479 9



5296 21595 10
5305 21068 10



5204 20901 11



5311 22509 12
5336 22261 12



5393 22987 13
5386 23766 13



5321 21044 14
5319 21794 14



5262 19789 15



5297 21229 16



5262 20752 17



5358 22289 18
5368 22151 18



5227 20166 19



5305 21322 20



5259 20255 21
5261 19928 21
5282 19804 21



5403 23164 22



5290 20964 23



5233 20755 24



5329 21647 25
5311 22254 25
5318 22151 25



5191 19226 26



5372 22395 27



5236 20334 28
5220 20707 28



5187 19296 29
5186 19385 29
5205 19125 29



5299 21658 30
5302 21482 30
5301 21486 30
5310 21265 30
5295 22107 30
5312 21249 30



5306 21692 31
5278 21966 31



5181 19524 32
5201 19487 32
5180 19936 32



5237 19948 33
5243 19761 33



5326 21963 34
5275 21990 34



5225 20557 35
5251 20484 35



5301 21424 36
5311 21362 36



5287 21701 37



5273 20409 38
5290 20323 38
5295 20176 38



5216 20899 39
5240 20500 39



5228 20971 40



5310 20888 41



5256 20789 42



5185 19620 43
5204 19583 43



5265 21375 44



5276 19747 45
5227 20015 45
5219 20303 45



5171 18943 46



5351 22516 47
5373 22369 47



5260 21596 48
5271 21447 48
5300 21307 48



5310 21618 49



