6383 24047 0
6368 24082 0
6390 23982 0



6429 24059 1
6447 23966 1
6428 25659 1



6418 24464 2
6448 24255 2
6414 25253 2



6312 22548 3



6247 20831 4



6394 24259 5
6388 25129 5



6386 23638 6



6409 24414 7
6419 23522 7



6303 22647 8



6453 24787 9
6405 24919 9



6306 23084 10



6374 23331 11



6422 24491 12



6394 24008 13



6307 22750 14
6292 23256 14



6271 21986 15
6276 21857 15



6360 23340 16
6357 23446 16



6302 21858 17



6409 25278 18
6433 24318 18
6423 25004 18



6373 23549 19



6344 23509 20
6347 23310 20



6464 25529 21



6415 24780 22



6396 24061 23
6375 24177 23



6351 23586 24



6413 24007 25



6397 23993 26



6582 26942 27
6544 27438 27



6367 23256 28
6353 23744 28



6389 23834 29
6401 23787 29



6360 23553 30
6340 23811 30
6339 23847 30
6385 23306 30



6433 24339 31



6478 23816 32



6297 22257 33



6335 23047 34



6403 23431 35



6322 22361 36
6305 22842 36



6417 23255 37
6409 23800 37



6443 24919 38
6460 24491 38



6478 24166 39
6483 23912 39



6375 23514 40



6269 21566 41



6480 25591 42
6462 25744 42



6359 23363 43
6361 23169 43
6354 23409 43



6428 25156 44
6468 24849 44
6426 25647 44



6381 24119 45



6422 24733 46



6368 23129 47
6379 23089 47



6399 23796 48



6460 25314 49
6471 24781 49
6437 25708 49



