5902 7774 0



5911 7970 1



5979 8825 2
5993 8502 2



5986 9153 3



6036 9371 4
6012 9635 4
6018 9420 4



5960 8362 5



5971 8939 6



5956 8516 7



5946 8533 8



5895 7630 9
5890 8186 9



5954 8457 10



5942 8338 11



5945 8462 12
5941 8782 12



5958 8795 13



6056 9711 14



5939 8791 15
5953 8216 15



5916 8069 16



6071 9494 17
6016 9511 17



5902 7962 18
5899 7999 18



5936 8509 19



5917 8236 20



5931 8837 21
5943 8352 21



5949 8893 22
5973 8697 22



5968 8671 23



5955 8859 24



5942 8503 25



5934 8532 26



5970 8611 27
5969 8691 27
5936 8723 27



5971 8547 28



5876 7649 29



5986 8724 30
5926 8728 30



5996 8951 31
6000 8789 31
5983 9246 31



5994 9139 32
5973 9236 32



6052 10156 33



5909 8420 34



5960 9021 35



5928 8123 36
5923 8319 36



5934 8320 37
5913 8588 37



5947 8619 38



5980 8968 39



5968 9042 40
5970 8955 40
5964 9057 40



5870 7735 41
5899 7695 41



5933 8042 42
5915 8222 42



5935 8386 43



5921 8128 44
5916 8245 44



5982 9044 45
5970 9091 45



5932 8491 46



5986 9205 47
6028 9029 47
5979 9393 47



5934 8405 48



5956 8878 49
5966 8751 49



