4403 27782 0
4384 28047 0
4390 27943 0



4314 26868 1



4420 27110 2



4308 25537 3



4482 27030 4



4344 27183 5



4432 26999 6



4516 28059 7



4481 27049 8



4469 26886 9
4466 26954 9



4554 28107 10
4552 28462 10



4449 27635 11
4455 27417 11



4333 26125 12
4318 26180 12



4450 26719 13
4457 26706 13



4336 26519 14
4331 26614 14
4350 26481 14



4525 28028 15



4361 26659 16



4368 25871 17



4469 26706 18
4461 26833 18



4486 27246 19



4395 27102 20



4315 25868 21



4442 27410 22



4425 27419 23



4249 25835 24



4367 26972 25



4448 27845 26



4272 25608 27
4237 26186 27
4245 25662 27



4264 25885 28



4459 27405 29
4471 27252 29



4473 28337 30
4476 27965 30
4474 28327 30
4464 28530 30



4515 27702 31
4516 27632 31
4460 27818 31



4346 26662 32
4335 26769 32



4451 28429 33



4449 28216 34



4516 27389 35
4520 27387 35



4275 26434 36
4261 26477 36
4245 26544 36



4409 27402 37
4410 27236 37
4431 26898 37
4417 27064 37



4396 27549 38
4375 27557 38



4319 26004 39



4495 27390 40
4484 27528 40



4403 27712 41
4411 27631 41



4296 26274 42



4434 27657 43



4510 27726 44



4390 27263 45



4464 27684 46
4476 27546 46
4489 27345 46



4231 25469 47



4436 27470 48



4477 27353 49
4471 27624 49



