3777 14683 0



3691 14134 1



3762 14578 2
3792 14455 2



3765 14668 3



3808 15306 4
3830 14540 4
3810 15200 4
3799 16032 4



3779 14781 5
3777 14901 5



3747 14237 6
3752 14195 6



3857 15340 7



3892 15077 8
3885 15156 8



3744 14654 9
3751 14589 9
3753 14262 9



3735 14445 10
3753 14283 10



3874 15568 11



3766 14340 12



3686 14130 13



3820 14719 14



3723 14313 15



3777 14719 16
3753 14768 16



3701 13965 17
3696 13996 17



3772 14815 18
3796 14663 18
3770 14847 18



3782 14538 19
3784 14521 19
3763 14684 19
3762 14856 19



3757 14714 20



3838 15320 21
3839 15319 21
3829 15328 21



3746 14497 22
3765 14359 22
3782 14320 22
3727 14601 22



3797 14536 23
3792 14556 23



3790 14972 24
3801 14910 24
3796 14947 24



3776 14221 25



3778 14704 26



3766 14741 27



3794 14718 28



3842 15068 29
3867 14893 29
3851 15051 29
3856 15013 29



3869 14898 30
3867 14939 30



3785 14579 31
3780 14592 31



3736 14361 32
3735 14776 32
3734 14815 32



3737 14033 33
3736 14478 33



3755 14376 34
3767 14324 34
3730 14449 34
3743 14391 34



3737 14205 35
3733 14397 35



3710 14058 36



3821 15174 37
3810 15238 37
3834 15064 37
3808 15322 37



3771 14603 38
3763 14832 38



3698 14208 39



3807 14735 40
3798 14847 40
3788 15047 40
3792 15000 40
3785 15059 40
3800 14761 40



3722 14238 41
3735 14183 41
3753 14105 41
3732 14197 41



3792 14032 42



3713 13850 43



3806 14980 44
3811 14753 44
3813 14738 44



3897 15197 45
3871 15468 45



3704 14024 46



3765 14799 47
3800 14453 47



3872 15228 48



3893 15377 49
3889 15452 49



