4286 25573 0
4263 25836 0



4395 28152 1



4302 26655 2



4290 25710 3
4282 25950 3



4266 25818 4
4265 26027 4



4222 24699 5
4227 24658 5



4311 26011 6
4302 26051 6



4287 25066 7



4351 26842 8



4236 25840 9



4330 26380 10
4339 26194 10



4440 27293 11



4282 25988 12
4280 26194 12



4311 26327 13
4334 26313 13
4299 26365 13



4341 26707 14



4284 26892 15



4289 25691 16
4288 25815 16



4342 26136 17
4340 26468 17



4345 26974 18



4420 27117 19



4303 26365 20



4335 26288 21
4331 26313 21
4332 26295 21



4412 26763 22



4311 25902 23



4282 26158 24
4286 26113 24



4248 25442 25
4244 25509 25



4292 26382 26
4287 26463 26



4265 25362 27



4351 26898 28



4350 26557 29
4339 26792 29



4365 26738 30
4368 26153 30



4409 27418 31
4408 27431 31
4411 27154 31



4286 26091 32



4286 25797 33



4359 27377 34
4381 27316 34
4403 27284 34
4465 27196 34



4349 26343 35



4368 27040 36



4297 26759 37
4307 26491 37
4308 26281 37
4299 26510 37



4300 26032 38
4291 26223 38



4379 26564 39



4335 26006 40
4317 26065 40
4334 26030 40
4324 26032 40



4351 26317 41



4220 25039 42
4219 25101 42



4402 27084 43
4372 27220 43
4378 27185 43



4275 26185 44
4272 26387 44



4288 25823 45
4283 25847 45
4282 25914 45
4281 25938 45



4367 26595 46
4366 26786 46
4364 26831 46



4323 26912 47
4326 26617 47



4369 27354 48
4392 27092 48



4353 26252 49



