4548 26803 0
4540 27313 0



4605 27903 1
4620 27831 1



4574 27860 2



4557 27281 3



4606 26906 4
4592 26967 4
4600 26948 4



4510 26621 5



4514 27362 6
4521 27299 6
4502 27410 6



4486 26060 7
4482 26123 7



4610 28344 8



4530 26954 9



4473 26330 10
4470 26344 10



4582 28102 11



4518 26701 12



4604 27589 13



4523 27024 14
4545 27005 14
4522 27574 14
4550 26917 14



4488 26619 15
4480 26721 15



4563 27628 16



4592 28321 17
4614 28131 17
4585 28340 17



4545 27567 18



4535 27253 19



4518 26727 20



4549 27564 21



4518 27078 22



4480 26451 23
4483 26213 23



4651 28528 24
4648 28597 24



4635 28138 25



4498 27084 26



4549 26791 27



4496 27253 28



4539 27511 29



4511 27221 30



4499 26604 31
4518 26376 31



4463 26072 32



4482 26291 33



4422 26419 34
4429 26224 34
4437 26124 34
4428 26361 34



4554 27382 35



4608 28143 36
4606 28200 36



4553 27552 37



4501 26559 38
4503 26472 38



4558 28019 39



4652 28150 40
4632 28260 40



4480 26602 41



4522 26861 42
4514 26878 42



4528 27024 43



4500 26547 44



4517 26747 45



4525 27130 46



4431 24846 47



4469 26679 48



4462 26037 49



