4122 16713 0



4071 16216 1
4080 16005 1



4095 17077 2



4039 16760 3



4024 17178 4
4078 17042 4



4137 17211 5
4145 17003 5
4100 17365 5



4015 16205 6
4016 16056 6
4009 16371 6



4051 16225 7
4048 16336 7
4050 16298 7



4083 16328 8
4087 16008 8



4027 15902 9
4022 16128 9



4063 16190 10
4043 16208 10



4029 15919 11
4046 15860 11



4009 15513 12
3993 15681 12
4007 15653 12



4054 16594 13
4055 16575 13



4062 16670 14



4038 16230 15
4023 16792 15



4059 16945 16
4085 16509 16
4075 16785 16
4063 16860 16



4066 16364 17
4085 16172 17



4207 17140 18
4196 17232 18



4086 16459 19



4028 16450 20
4073 16442 20



4022 16402 21
4037 16320 21
4036 16337 21



4151 17068 22



3957 15788 23
3983 15701 23
3969 15762 23



3941 14944 24



4209 17391 25
4201 17680 25
4207 17494 25



4070 16765 26



4092 16467 27



3984 16053 28
3995 15706 28
3994 15951 28
3982 16106 28



4056 16796 29
4059 16326 29
4069 16287 29



4126 16507 30



4102 16789 31
4105 16558 31



4068 16629 32
4026 16684 32



4138 17238 33
4144 17223 33



4045 16332 34



4036 15889 35
4031 16069 35



4049 15592 36



4068 15989 37



4012 16084 38
4064 15897 38



4082 16828 39
4086 16617 39



4036 16268 40
4038 16234 40



4001 15796 41
3983 15835 41



4006 15844 42
4004 15864 42
4009 15805 42



4076 16619 43
4063 16716 43



4024 15877 44



4101 16083 45
4076 16161 45
4084 16129 45



4070 16814 46
4055 16885 46



4039 16299 47
4035 16677 47



4110 16824 48
4058 16907 48
4114 16791 48



4057 16771 49
4059 15981 49



