4677 30556 0
4673 30569 0



4667 30374 1



4493 28005 2



4712 31000 3
4730 30980 3



4616 30606 4



4594 29412 5
4603 29225 5



4622 30315 6
4608 30393 6



4639 29875 7



4773 31380 8



4656 30539 9



4656 30400 10



4569 29906 11
4568 30621 11



4625 30691 12
4647 30208 12
4634 30400 12



4585 29282 13
4584 29646 13



4633 31126 14
4644 31114 14



4580 29777 15



4585 29510 16



4700 30937 17



4634 30917 18



4664 30443 19



4745 31203 20
4735 31262 20



4712 31076 21



4641 29731 22
4649 29511 22



4744 31084 23



4686 30064 24
4649 30480 24



4597 29581 25
4600 29425 25



4614 30012 26
4611 30122 26



4759 31942 27
4757 32046 27
4768 31702 27



4667 30248 28



4519 29075 29



4598 29223 30



4677 31012 31



4575 29952 32
4571 30081 32



4578 30046 33



4702 31296 34



4627 30533 35



4571 29620 36
4569 29642 36
4576 29559 36



4615 29900 37



4633 29822 38



4636 30016 39



4709 31045 40



4722 31068 41
4728 31008 41



4762 31192 42



4581 30270 43
4580 30351 43



4616 30102 44
4619 30075 44



4696 30607 45
4683 30705 45
4704 30504 45



4620 30067 46



4648 29684 47
4640 30031 47



4647 30743 48
4646 30783 48



4637 30001 49
4629 30190 49



