3918 15390 0
3944 15214 0



3984 15617 1



4169 16915 2



3982 15398 3



3912 15226 4
3917 15127 4
3911 15343 4
3928 15100 4



3891 15026 5



3938 14893 6
3935 15028 6



3968 15246 7



3988 15906 8
4001 15893 8
4006 15845 8



4080 16676 9



3937 15402 10
3922 15488 10
3950 15382 10



3943 15366 11
3952 15336 11
3941 15491 11



4038 15956 12
4025 15969 12



4081 15924 13



3991 15819 14
3995 15685 14
3964 15824 14



3972 15702 15
3937 15740 15



3922 15057 16
3928 14966 16
3909 15069 16



3945 15168 17
3935 15211 17



3924 14957 18
3929 14899 18
3926 14938 18



3970 15618 19
3963 15807 19



4045 15970 20



4010 16196 21
4011 16187 21
4000 16321 21



4104 16642 22



4024 16240 23



3983 15047 24
3956 15073 24



3989 15463 25



4000 15731 26
3999 15815 26



3991 15603 27
4023 15582 27
3988 15901 27



4016 15558 28
4014 15619 28
4001 15636 28



4087 16452 29
4096 16292 29
4094 16297 29



4086 16065 30
4090 15942 30
4087 16021 30
4081 16277 30



3984 15672 31
3988 15637 31



4035 15563 32



3937 15159 33



4051 15911 34
4058 15901 34
4052 15910 34



3912 15045 35
3903 15056 35



3939 14848 36
3931 14902 36
3921 15018 36
3924 14913 36



3942 14792 37
3934 15007 37



3957 14914 38



3957 15181 39



4045 15601 40
4052 15523 40
4044 15622 40



3924 14956 41



4042 15619 42
4033 15902 42



3846 15009 43



4066 15946 44
4059 15964 44
4030 16117 44



4032 15728 45
4058 15639 45
4053 15664 45
4030 15884 45



4103 15994 46



3984 15522 47
4026 15492 47



3984 15596 48
3977 15600 48
3971 15665 48



3905 15127 49
3902 15156 49



