4146 18491 0
4106 18601 0



4222 18423 1



4185 18327 2
4176 18349 2
4171 18388 2



4200 17904 3



4248 18008 4



4155 17730 5
4162 17642 5



4111 18164 6



4098 18601 7
4090 18727 7
4069 18871 7



4164 18326 8
4163 18774 8



4168 18782 9



4177 19049 10
4186 18622 10



4074 17707 11



4146 17580 12



4094 17477 13
4052 17598 13



4174 19127 14
4207 18841 14
4181 18902 14



4064 17619 15



4116 18031 16
4105 18127 16
4119 17979 16



4121 17789 17
4120 17929 17
4131 17751 17
4128 17758 17



4194 18805 18
4199 18758 18
4203 18497 18



4105 17558 19
4099 17671 19
4098 17698 19



4267 19380 20
4262 19448 20



4070 17823 21



4095 17854 22
4096 17801 22
4085 17939 22



4171 18356 23



4107 18636 24
4138 18459 24



4145 18699 25
4152 18471 25



4127 17983 26



4138 19108 27
4212 18731 27
4149 18914 27



4088 18374 28



4009 17254 29



4139 17878 30



4109 17455 31



4127 18081 32
4099 18818 32



4169 17745 33
4164 17789 33



4116 17395 34
4118 17305 34



4147 18234 35
4116 18349 35
4158 17970 35
4156 18124 35



4011 17339 36



4073 17707 37



4238 18684 38
4246 18527 38



4103 17751 39



4055 18132 40
4065 17172 40
4060 17862 40



4107 17711 41



4132 18202 42



4035 17763 43



4237 18800 44
4229 18829 44



4100 17423 45
4104 17407 45
4132 17324 45



4129 17372 46



4093 18177 47
4064 18227 47



4124 17114 48



4242 19501 49
4275 19455 49
4279 19447 49



