3852 15556 0
3850 15858 0



3823 15581 1



3978 16349 2
3976 16361 2



3849 16130 3
3848 16154 3



3902 15550 4



3803 15745 5
3814 15707 5
3821 15704 5



3847 15847 6
3867 15798 6



3925 16146 7



3936 15897 8
3926 16212 8



3926 16530 9
3922 16596 9
3927 16430 9



3954 16752 10
3943 16844 10
3958 16527 10



3916 16675 11
3915 16735 11
3931 16249 11
3923 16485 11



3971 16679 12



3931 16077 13
3929 16205 13
3927 16230 13



3821 15591 14



3971 16533 15



4056 17401 16



3945 16723 17
3921 16725 17



4103 17582 18
4105 17467 18



3925 16038 19
3943 15923 19
3941 16004 19



3848 16108 20
3839 16129 20
3854 15621 20



3874 15920 21



3879 16388 22



4002 16652 23



3933 16391 24



3843 15654 25



3999 17139 26



4075 17453 27



3876 16019 28



3967 17081 29



3817 15647 30



3849 15655 31
3822 15666 31



3988 16953 32



3881 15957 33



3954 16593 34



4022 16824 35
4016 17013 35



3960 16450 36
3926 16553 36
3966 16121 36



3922 16059 37



3780 15640 38
3801 15552 38



4040 16850 39



3892 15852 40



4069 16912 41
4055 17030 41
4060 17015 41
4052 17079 41



4051 17287 42



3878 16020 43



3910 16295 44
3909 16489 44
3917 16285 44



3921 16347 45



3893 16245 46



3903 16177 47



3993 16960 48



3875 15852 49
3862 16052 49



