6154 20804 0



6087 21155 1
6099 21095 1
6125 20521 1
6126 20274 1



6174 21807 2



6211 22964 3



6213 22528 4
6206 22639 4
6216 22430 4



6132 21596 5



6162 21857 6



6195 22305 7



6050 20139 8



6022 18876 9



6084 21089 10



6155 21791 11
6154 22039 11



6223 23052 12
6215 23315 12



6107 21103 13



6296 23966 14
6292 24252 14



6175 22639 15
6183 22266 15



6163 21885 16



6126 21361 17
6141 21139 17



6145 21911 18



6206 22623 19
6234 22479 19
6198 22809 19
6204 22771 19



6209 22548 20



6130 21833 21



6118 20761 22



6240 23467 23



6191 22562 24
6181 22814 24



6079 20054 25
6063 20366 25



6054 20078 26



6137 21881 27



6060 20293 28
6069 19711 28



6229 24079 29



6200 23114 30



6172 22454 31
6189 22346 31
6183 22368 31



6105 20781 32



6130 21029 33



6194 22967 34



6142 22145 35
6143 21969 35



6185 21897 36



6130 22168 37



6130 20985 38



6051 20468 39



6144 21681 40



6092 20946 41



6109 20774 42



6201 23079 43
6197 23239 43
6221 22864 43
6208 22991 43



6153 21345 44
6162 21163 44



6191 22415 45
6192 22297 45



6174 22213 46



6176 22020 47



6249 23462 48



6195 23319 49



