5251 20512 0



5427 21506 1
5392 21870 1



5509 21812 2
5503 21826 2



5663 22612 3
5667 22601 3
5671 22416 3



5323 20568 4



5531 21683 5



5431 21004 6



5318 20866 7



5591 22364 8
5563 22391 8



5625 22110 9
5604 22115 9
5595 22183 9



5421 21651 10



5442 20916 11



5436 21117 12



5403 20843 13
5405 20832 13
5371 21005 13



5532 21832 14
5535 21756 14



5435 21503 15
5440 21134 15



5402 22110 16
5451 22003 16
5465 21909 16



5461 22224 17
5543 21626 17
5540 21629 17
5492 21894 17



5332 20971 18



5395 22298 19
5411 22200 19
5425 21716 19
5426 21444 19



5486 21694 20
5470 21945 20



5512 22509 21
5513 22370 21
5520 22327 21
5528 22136 21



5297 20407 22



5645 22631 23
5640 22740 23



5378 21036 24



5469 22245 25



5544 22388 26
5547 22172 26
5551 21959 26
5559 21944 26



5326 20478 27



5413 21174 28
5377 21251 28



5411 21178 29
5398 21232 29



5479 22147 30
5482 21806 30



5394 20988 31



5280 20463 32
5303 20429 32



5385 21465 33
5395 21415 33
5405 21294 33



5633 22897 34
5639 22697 34
5626 23118 34



5369 20838 35



5734 23377 36
5699 23609 36



5395 21727 37
5405 21549 37
5391 21872 37
5399 21591 37



5513 21201 38



5493 21726 39
5487 22034 39



5456 21527 40



5407 20817 41
5403 20828 41



5412 21039 42
5410 21476 42



5531 21973 43
5508 22047 43



5365 20954 44



5489 21750 45
5487 22155 45



5394 21537 46
5357 21562 46



5521 21994 47
5503 22356 47
5541 21942 47



5426 21779 48



5501 21465 49



