5963 31810 0



6049 32137 1



6127 32353 2



5944 30846 3



5869 31606 4
5870 31570 4
5868 31770 4



6103 32486 5



6005 31589 6
6001 31991 6



5850 31168 7
5845 31781 7



6045 32285 8



6027 32329 9



5949 31567 10



5956 31972 11
5955 32304 11



5934 31342 12
5810 31354 12



5919 31454 13
5912 31553 13



6140 32308 14
6132 32542 14



5926 31353 15
5866 31807 15
5957 31252 15
5898 31534 15



6033 32224 16



5958 32203 17



5987 32500 18



6093 32357 19



5911 31959 20
5921 31940 20
5898 32000 20
5923 31776 20



6000 31393 21



5874 30227 22
5875 30225 22
5867 30428 22
5865 30528 22



5988 32550 23



6057 32984 24



6146 33850 25
6162 33423 25
6161 33708 25
6149 33715 25



6211 33837 26
6216 33568 26



5990 31451 27
6043 31094 27



5928 31328 28
5929 31214 28
5926 31445 28



5937 31544 29
5929 31562 29



6054 32130 30



6085 32506 31



6115 32834 32



5965 31974 33
5954 32064 33



6063 32178 34
6034 32239 34
6019 32442 34
6029 32389 34



6025 33313 35
6036 32765 35



6091 32289 36
6080 32429 36



5968 32205 37
5986 32088 37
5955 32639 37



6087 32759 38
6077 32784 38



6186 32301 39
6160 32592 39



6041 33216 40
6057 33050 40
6038 33465 40
6066 32840 40



5945 32065 41
5934 32126 41
5951 31937 41



5966 31642 42
5943 31822 42



6088 33827 43
6092 33041 43



5862 31457 44
5886 31031 44
5848 32090 44



5988 33325 45
6054 32980 45
6041 33241 45



6034 32802 46
6062 32590 46



5834 30388 47
5832 30846 47



6004 31313 48



6102 32078 49



