5569 20848 0
5594 20835 0
5553 20852 0
5599 20826 0



5616 21489 1



5411 19926 2
5451 19812 2
5404 20120 2



5483 20692 3
5514 20618 3



5424 19540 4
5413 19763 4



5527 20868 5
5504 21192 5



5636 21570 6



5378 20250 7
5399 20065 7



5558 20843 8



5418 20152 9
5474 20008 9
5486 19997 9
5423 20023 9



5351 19722 10



5455 19823 11



5566 21013 12



5289 18623 13
5274 18862 13



5530 21102 14



5462 19701 15



5591 20959 16



5429 20342 17
5423 20354 17
5430 20192 17
5448 20039 17



5362 18904 18
5328 19120 18



5581 20424 19
5552 20748 19
5563 20451 19



5612 21503 20
5671 21239 20



5496 20497 21



5575 21156 22



5305 18668 23
5313 18667 23
5326 18663 23
5298 18676 23



5484 20910 24
5485 20874 24
5488 20762 24
5482 20984 24



5452 20224 25
5486 19863 25
5479 20174 25



5360 20135 26
5383 20038 26
5376 20086 26
5358 20145 26



5396 20150 27
5498 20149 27



5478 20504 28
5492 20307 28



5395 19316 29



5460 20262 30
5462 20229 30
5453 20285 30



5480 20506 31
5453 20779 31
5465 20707 31



5496 20225 32
5490 20418 32
5454 20426 32



5440 20174 33
5426 20429 33



5636 21585 34
5631 22278 34
5675 21582 34



5590 20632 35
5569 21048 35
5585 20816 35
5570 20950 35



5435 20676 36
5441 20584 36
5453 20540 36



5369 19440 37



5389 19269 38
5359 19434 38
5387 19413 38



5602 22043 39
5606 22005 39



5482 21145 40
5489 20703 40
5500 20491 40



5633 21070 41
5532 21443 41



5539 20485 42
5554 20246 42



5484 20227 43



5527 20621 44



5383 19575 45
5386 19538 45
5375 19876 45



5601 21458 46
5609 21248 46
5616 21179 46
5628 21150 46



5545 20856 47



5501 20641 48
5504 20221 48



5394 18868 49



