6260 33257 0
6261 32694 0
6262 32660 0
6256 33387 0



6209 32432 1



6297 33999 2
6303 33933 2



6165 32364 3
6179 32191 3



6257 33777 4
6254 33950 4



6356 34139 5
6351 34212 5
6353 34167 5



6278 33329 6
6232 33333 6



6095 31452 7



6281 33135 8
6287 33078 8
6255 33137 8



6272 34466 9
6273 33193 9



6278 33549 10



6260 33195 11



6217 32740 12
6201 33056 12
6208 33004 12



6282 33484 13



6337 34337 14
6343 34184 14
6349 34130 14
6329 34528 14



6358 33568 15
6362 33388 15
6357 33715 15



6193 32892 16



6284 33701 17
6295 33258 17
6296 33081 17



6306 34307 18
6345 33905 18
6285 34420 18
6323 33925 18



6401 33991 19
6399 34142 19



6432 34864 20
6436 34810 20



6308 33079 21



6276 33052 22
6247 33071 22



6362 33499 23



6324 33416 24



6266 32965 25
6276 32888 25
6242 33136 25



6207 33325 26
6233 32839 26



6285 33292 27



6304 33261 28
6302 33436 28



6347 34458 29
6352 34202 29



6188 32551 30
6183 32606 30
6206 32479 30



6422 34497 31
6431 34417 31
6439 34335 31
6407 34512 31



6239 32087 32



6196 32234 33



6243 32811 34
6249 32810 34
6250 32772 34



6421 34838 35
6384 35059 35
6419 34921 35



6286 33598 36
6288 33433 36
6290 33268 36
6272 33609 36



6213 33043 37
6228 32973 37



6226 32753 38



6313 33417 39
6302 33759 39



6262 32986 40



6215 32299 41



6253 33317 42
6251 33337 42



6344 35613 43
6341 36000 43



6228 32320 44
6227 32664 44



6400 33558 45



6404 33591 46



6236 32986 47
6241 32968 47
6230 33025 47



6279 33528 48
6276 33551 48



6195 32588 49



