5268 18548 0



5384 20663 1
5444 20316 1



5341 20045 2
5353 19765 2
5333 20173 2



5321 19170 3
5316 19724 3



5439 20702 4



5157 18732 5



5221 19488 6
5216 19592 6
5258 19011 6
5260 18995 6
5321 18807 6
5239 19447 6



5357 19607 7
5326 19677 7
5324 19731 7
5318 19909 7



5149 18290 8
5144 18457 8



5324 19358 9



5254 18908 10
5268 18746 10



5471 21102 11



5373 19961 12
5387 19617 12
5336 19970 12



5400 20118 13



5403 19986 14
5429 19809 14
5397 20232 14
5419 19832 14



5311 19363 15



5441 20016 16
5376 20158 16



5385 19789 17



5421 19661 18



5198 18125 19



5396 19698 20



5480 20515 21



5303 18848 22
5309 18825 22
5301 18900 22



5292 19036 23



5311 19557 24
5291 20074 24



5431 20775 25



5339 19188 26
5317 19403 26



5253 18735 27



5440 20037 28
5423 20578 28



5354 19430 29



5503 20536 30
5518 20355 30



5416 20204 31



5308 19527 32
5289 19615 32



5378 19575 33



5394 19718 34
5395 19651 34
5386 19827 34



5254 18631 35



5364 19742 36



5217 18671 37
5209 18704 37



5410 19775 38
5395 19873 38



5258 19282 39



5325 19116 40
5314 19540 40



5345 19347 41
5334 19638 41



5212 19044 42



5281 19211 43
5279 19598 43
5311 18981 43



5360 19772 44
5384 19515 44



5426 20433 45



5317 19591 46
5315 19617 46
5325 19466 46



5260 19053 47



5454 20240 48



5349 19498 49
5325 19734 49



