5989 32566 0
5947 32852 0



6095 33641 1
6102 33490 1
6068 33815 1



5989 31901 2
5995 31747 2



5929 31615 3



6063 33911 4
6067 33837 4
6059 34118 4



5989 32179 5
5987 32201 5



6017 32463 6



5999 31996 7



6027 32920 8



6030 33952 9
6038 33369 9
6040 33358 9



6021 32466 10
6000 32964 10



5843 31410 11



6038 33200 12
6042 32993 12
6060 32975 12
6027 33529 12



6125 33647 13
6100 33947 13



5978 32179 14
5980 32161 14



6089 32978 15



6010 32614 16
6035 32499 16
6037 32470 16
6030 32516 16
5993 32684 16
6016 32529 16



5911 31901 17



6040 33574 18



5901 31513 19



5990 32708 20
5995 32663 20



5975 32532 21
5977 32298 21



6005 32144 22
6012 32128 22



6020 32994 23
6043 32888 23
6041 32933 23



5927 32153 24
5926 32443 24



6112 33437 25
6115 33320 25
6092 33483 25



6081 33362 26
6076 33447 26



5980 32118 27
5932 32315 27
5934 32191 27



5823 30453 28
5829 30443 28



5985 32392 29



5933 31719 30



5984 32402 31
5986 32195 31



5938 31815 32
5901 31954 32
5936 31905 32



5883 31577 33



6014 32680 34



6047 32958 35



5980 32839 36
6002 32672 36
6023 32670 36



5943 32177 37
5942 32230 37



6088 32926 38



6032 33061 39
6067 33017 39



6034 32735 40



5946 32024 41



6073 33149 42



6166 34099 43



5978 32416 44
5974 32687 44
5966 32717 44



5918 31454 45



5996 31959 46



6078 32655 47



5943 31947 48



5999 33362 49



