4518 30678 0



4438 30147 1



4562 31027 2



4604 31106 3



4502 29852 4



4522 30414 5
4524 30221 5
4516 31069 5



4637 31402 6
4620 31743 6



4585 30966 7
4574 31335 7
4576 31196 7
4577 31050 7
4579 31004 7
4552 31602 7



4516 30633 8
4541 30404 8



4518 30135 9



4564 30933 10



4543 30055 11



4625 31859 12
4674 31780 12



4501 31019 13
4508 30934 13



4475 30517 14



4566 30733 15
4558 30879 15



4357 29101 16
4312 29341 16
4321 29251 16
4354 29113 16



4605 31072 17



4482 30132 18



4470 30625 19
4469 30856 19



4561 30923 20
4574 30897 20



4565 31148 21
4578 30932 21



4488 30657 22



4521 31719 23



4531 31364 24
4559 31134 24
4576 31030 24
4524 31485 24



4691 32346 25
4693 32290 25



4611 30936 26



4542 30741 27
4537 30814 27



4468 30911 28
4471 30637 28



4685 32585 29



4605 30659 30



4501 29831 31
4497 30039 31



4590 31432 32



4558 31004 33



4566 31320 34



4439 30236 35
4428 30249 35
4414 30302 35



4525 30464 36



4558 30971 37
4516 31185 37
4559 30906 37
4540 31155 37



4620 31546 38



4487 31051 39



4378 28971 40



4574 31911 41



4530 29895 42



4586 31573 43
4592 31426 43



4431 30197 44



4607 31498 45
4610 31103 45



4713 32519 46



4432 31285 47
4439 31247 47



4574 31781 48
4573 31830 48
4570 32182 48



4490 29930 49



