5580 21139 0
5577 21383 0



5528 21482 1
5545 21473 1
5539 21474 1
5518 21679 1



5681 22062 2
5660 22616 2



5678 22599 3
5724 22477 3
5727 22355 3
5731 22299 3



5737 22582 4
5734 22610 4
5774 22565 4
5775 22420 4



5740 22500 5



5844 23256 6
5810 23330 6



5669 22000 7
5667 22621 7



5610 21569 8
5641 21566 8
5663 21484 8



5593 21790 9
5591 21878 9
5567 22311 9



5705 22350 10
5695 22363 10



5805 22985 11
5795 23293 11



5599 21703 12



5639 22303 13



5555 21112 14
5535 21137 14



5720 22204 15



5683 22675 16



5772 22599 17
5752 22814 17



5595 21089 18
5603 21029 18
5607 20997 18



5735 22633 19
5710 22717 19



5678 21899 20



5500 21116 21



5659 21629 22



5713 21257 23
5697 21859 23



5544 21598 24
5586 21209 24
5537 21627 24



5566 21248 25
5572 21215 25



5724 22835 26



5615 21723 27
5628 21605 27



5849 23150 28
5821 23600 28
5812 23856 28



5694 22207 29
5664 22208 29
5716 22182 29



5621 22516 30
5635 22307 30



5720 22654 31
5753 22346 31
5725 22650 31
5748 22419 31



5795 22609 32
5797 22571 32
5741 22654 32



5472 20943 33
5453 20957 33
5480 20886 33



5730 22625 34
5744 22602 34
5707 23101 34
5748 22126 34



5692 22467 35
5688 23078 35



5709 22574 36
5717 22505 36
5733 22450 36
5704 22689 36
5742 22433 36
5710 22518 36



5784 23087 37
5814 23011 37
5771 23099 37
5788 23059 37



5658 21769 38
5646 21945 38



5567 21028 39
5579 20923 39



5752 22741 40
5756 22720 40
5772 22697 40



5587 21980 41
5549 22033 41
5591 21405 41
5536 22059 41



5799 23045 42
5784 23288 42
5801 22989 42



5769 22699 43



5754 22444 44
5743 22470 44
5686 22996 44



5607 21662 45
5567 21876 45
5565 21879 45



5745 22594 46



5635 21920 47
5637 21773 47



5631 22799 48
5649 22720 48



5687 22274 49



