5969 34340 0
5970 34252 0
5967 34536 0



6010 33347 1



5977 33776 2



6043 34770 3



6026 34448 4
6024 34632 4



5941 32996 5
5940 33570 5



5922 33125 6



6024 34818 7
6033 34626 7



5876 33393 8



5933 32672 9



5914 33664 10
5895 33690 10
5936 33422 10



6045 34120 11
6035 34699 11



5930 33704 12
5949 33652 12



6015 34709 13



6026 33575 14
6041 33286 14



6157 35284 15
6152 35669 15



6018 34584 16
6033 34494 16
6016 34666 16



6067 34325 17
6066 34493 17



5921 33417 18



6008 34675 19



6086 35218 20
6096 35118 20



5979 32944 21
5971 33000 21



5981 33149 22



6053 33880 23



6014 33689 24



6051 34352 25
6030 34442 25



6009 33758 26
6037 33704 26



6035 34231 27
6072 33967 27



6066 34148 28
6043 34369 28



6046 34357 29



6097 36086 30
6116 34634 30
6115 35580 30
6095 36174 30



6037 33708 31



6081 33751 32



5849 32780 33



5961 32891 34
5960 33076 34



5935 33297 35
5924 33397 35



5981 33614 36



6114 35394 37
6141 35340 37
6106 35836 37



5931 33195 38



6081 34130 39
6019 35946 39
6066 34646 39
6064 34705 39



6023 34073 40



5943 33957 41



6020 34598 42
6044 34425 42



6013 33996 43



6050 33770 44



6042 34122 45
6040 34620 45
6053 33995 45



6020 35136 46
6019 35485 46



5925 33463 47



5930 33722 48



6040 34131 49



