5650 20746 0



5707 21967 1



5610 21246 2



5646 21814 3



5637 21537 4



5676 21627 5
5670 21764 5



5630 21940 6
5629 22186 6
5627 22253 6



5491 19800 7
5486 19894 7



5536 21131 8



5622 21314 9
5609 21365 9



5698 21888 10



5741 22362 11
5716 22499 11



5671 22050 12



5713 22673 13
5718 22604 13



5621 21286 14
5617 21412 14



5620 21058 15



5781 22695 16
5777 22978 16



5674 21940 17



5648 21279 18



5635 21762 19
5624 21803 19



5535 20564 20



5539 20762 21



5627 21250 22



5719 21868 23
5712 21949 23



5568 21398 24



5579 21059 25
5586 21054 25
5597 20896 25
5576 21228 25



5518 20550 26



5539 20437 27



5655 21539 28



5557 20999 29
5507 21265 29



5626 21717 30
5631 21696 30



5643 21081 31
5606 22038 31
5641 21214 31
5625 21324 31



5575 20761 32
5567 21184 32



5678 21822 33



5557 20373 34



5769 23168 35



5600 21134 36



5547 21092 37



5650 22328 38



5524 20410 39



5559 20909 40



5583 21294 41
5584 21257 41
5578 21450 41



5676 22005 42



5590 21588 43
5573 21614 43
5592 21236 43



5726 22381 44
5734 22336 44



5699 21314 45
5679 21386 45
5632 21396 45



5593 22415 46
5599 21787 46



5719 21844 47



5607 21746 48



5640 21342 49
5633 21346 49



