7817 40352 0
7836 40115 0
7822 40239 0
7791 40775 0



7767 39718 1
7762 39730 1



7809 39602 2
7798 39967 2



7724 39220 3
7722 39270 3



7656 39043 4



7710 38509 5
7703 38512 5
7683 38923 5



7774 39549 6



7671 38055 7



7670 38942 8
7661 39133 8
7674 38885 8



7754 38725 9



7666 38579 10
7663 38671 10



7787 39637 11



7799 40220 12



7639 38631 13



7796 40156 14
7798 39977 14



7815 40241 15
7821 40059 15
7819 40199 15
7805 40257 15



7774 39408 16
7763 39775 16



7736 38505 17



7692 39213 18



7480 36260 19



7617 38084 20
7608 38175 20



7742 39941 21
7730 40372 21
7751 39406 21
7746 39484 21



7649 38860 22
7662 38859 22



7640 39041 23
7648 38849 23



7813 39957 24
7817 39589 24



7705 39176 25
7750 39068 25



7825 39689 26
7803 39828 26



7797 40574 27
7787 40607 27
7806 40463 27



7715 38965 28
7694 39029 28



7801 40464 29
7774 40583 29



7666 38740 30



7726 39600 31



7823 40291 32
7809 40585 32



7754 40313 33
7753 40855 33



7759 39833 34
7762 39454 34



7591 37829 35
7589 38427 35



7831 39756 36
7790 39967 36



7632 37841 37



7810 39494 38
7794 39522 38



7674 38961 39



7687 38613 40
7701 38568 40
7685 38785 40



7658 38110 41



7539 37295 42



7727 38675 43



7757 38847 44



7608 38402 45



7693 39046 46
7672 39595 46



7718 39014 47



7827 40516 48
7819 40774 48



7749 39821 49



