7629 38451 0



7860 41375 1
7884 41341 1



7750 40342 2



7754 40759 3
7793 40725 3



7764 40434 4



7754 39262 5
7762 39074 5



7880 40982 6
7913 40926 6



7771 39960 7
7765 39969 7



7830 40509 8



7882 40787 9
7905 40593 9
7867 40824 9
7860 41051 9



7845 40780 10
7840 40951 10



7706 39016 11
7736 38959 11



7653 40158 12



7924 41914 13
7920 42000 13
7906 42053 13



7810 40637 14
7815 40170 14



7629 39204 15



7733 40128 16
7719 40209 16



7751 40273 17



7764 40375 18
7761 40536 18



7658 39649 19



7788 40727 20
7785 40790 20



7774 40666 21
7793 40156 21



7798 41072 22
7782 41352 22



7864 41189 23



7930 41898 24
7927 42257 24



7814 40187 25
7823 40106 25



7840 40566 26
7836 40690 26



7847 40689 27



7745 39794 28



7816 40692 29



7871 41139 30



7701 40145 31



7877 40883 32



7862 41799 33
7893 41776 33



7737 39786 34
7729 39902 34



7775 40361 35



7824 41513 36
7810 41833 36



7795 39841 37



7847 40981 38
7826 40999 38



7914 41431 39
7900 41645 39



7867 41553 40



7776 40925 41
7787 40745 41
7770 41362 41



7770 39932 42



7886 42135 43
7875 42239 43



7676 39545 44



7593 39327 45



7727 40508 46
7744 40416 46



7897 41053 47
7904 41016 47



7709 39411 48



7865 41359 49



