6168 33390 0
6164 33576 0



6191 33801 1



6072 33124 2
6075 32923 2



6128 33485 3



6151 33511 4
6162 33509 4



6029 32500 5
6007 33075 5
6015 32699 5



6064 32709 6
6068 32656 6
6066 32684 6



6220 34101 7



6064 32750 8



6146 33537 9
6060 33573 9



6146 33779 10



6022 32020 11



6194 33710 12



6099 33674 13
6077 33954 13
6035 34009 13
6079 33874 13



6075 33573 14
6074 33955 14
6115 33508 14
6060 33980 14



6104 33576 15
6103 33698 15



6113 33411 16



6032 32400 17



6080 33197 18



6150 33506 19
6143 33704 19



6075 32403 20
6047 32441 20



6007 32203 21



6027 31867 22



6111 32993 23
6108 33074 23



6121 33165 24



6133 34020 25
6145 33929 25



6181 33863 26
6177 34341 26



6178 34250 27



5969 32140 28



6105 33259 29



6206 34422 30
6224 34392 30



6162 34384 31
6169 34029 31
6165 34100 31



6085 32653 32
6073 33234 32



6213 34403 33



6160 33122 34
6138 33319 34



6118 33398 35



6135 33137 36
6131 33197 36



6186 33863 37



6128 33889 38
6098 34128 38



6084 32782 39



6159 34149 40



6091 33318 41



6012 32369 42



6057 33802 43



6129 33585 44
6125 33636 44



6140 33449 45



6115 33413 46
6116 33102 46



6169 33852 47
6187 33775 47



6219 34115 48
6210 34169 48
6184 34395 48



6156 33491 49



