7588 39421 0



7368 36899 1
7425 36890 1
7357 37171 1



7510 38480 2
7571 38476 2



7442 38630 3



7550 38986 4



7760 40438 5
7746 40629 5
7728 40833 5
7720 40894 5



7524 39935 6
7513 40116 6



7655 39924 7
7628 40130 7



7503 38403 8
7468 38426 8



7560 39073 9
7550 39265 9



7756 41689 10
7804 41505 10
7761 41517 10



7582 39425 11
7592 39334 11



7567 39380 12
7570 39312 12
7563 40096 12



7784 41922 13
7745 42272 13



7620 40000 14



7681 40344 15
7645 40419 15



7542 38876 16



7572 39410 17
7571 39865 17
7590 39155 17
7575 39254 17



7424 37966 18



7613 40687 19
7605 40752 19



7666 40558 20



7701 40324 21



7558 39342 22



7544 38909 23



7707 41462 24
7712 41009 24



7523 39332 25



7677 40072 26



7459 38035 27



7591 39380 28
7595 39291 28



7648 40209 29



7434 38412 30
7442 38387 30



7382 37386 31



7429 38241 32



7654 39797 33
7608 39833 33



7741 40528 34
7749 40479 34



7496 38083 35



7532 38669 36
7535 38613 36
7495 38817 36



7610 40028 37



7621 40499 38
7618 40513 38



7715 40852 39
7735 40801 39



7685 40120 40
7709 40117 40
7683 40369 40



7672 40630 41
7670 40806 41
7674 40292 41



7437 38158 42



7553 39745 43



7454 38966 44
7451 39125 44



7830 42145 45



7702 40685 46



7561 39253 47
7533 39331 47



7500 39340 48



7631 39762 49
7635 39638 49
7634 39759 49



