7031 26884 0



7130 27784 1
7129 27952 1



7145 28055 2
7164 27987 2



6884 26154 3



7075 27671 4



6953 27054 5



7165 27751 6



7021 27545 7



7100 28146 8
7097 28336 8



7009 26340 9



7240 28795 10



7137 28403 11



7022 26485 12
7021 26507 12



7150 27669 13



6968 26756 14



7052 27531 15



7048 27608 16
7057 27504 16
6973 28494 16



7027 26983 17



6861 26109 18
6855 26177 18



7062 27140 19



6886 26487 20
6869 26774 20



6985 26979 21



6973 26764 22



7207 28217 23



7107 28244 24
7122 28151 24
7097 28259 24



7228 28516 25



7115 28363 26
7113 28442 26



7063 27312 27
7093 27213 27



6903 26051 28



7173 29620 29
7261 28319 29



6914 26043 30
6889 26200 30



6951 26526 31
6941 27032 31



7097 27984 32
7095 28105 32
7105 27932 32



7247 28815 33
7245 29051 33



7327 28645 34



7193 28441 35
7237 28382 35



7171 27641 36
7151 27716 36
7185 27614 36



7030 26953 37



6931 26216 38
6939 26126 38



6838 25763 39



7301 29441 40
7314 29064 40
7277 29467 40



7220 27967 41
7219 28054 41
7218 28058 41



7004 27023 42
6988 27242 42



6994 27082 43
7016 26941 43
7006 27041 43



7100 27318 44



6830 25904 45



7011 28079 46
6992 28329 46



7087 27834 47
7110 27825 47



7217 28411 48
7208 28998 48



6982 26598 49



