6945 24482 0



7053 25249 1
7055 25174 1



7181 27325 2
7202 27149 2



7164 26651 3
7147 26988 3



7161 25744 4
7155 26433 4
7146 26910 4



6942 25129 5



7097 25600 6
7070 25868 6



7003 26302 7
7014 25253 7
7031 25219 7



6961 25354 8
6948 25807 8



7046 26052 9
7045 26274 9
7036 26528 9



7043 25576 10



7068 25514 11
7072 25415 11
7076 25362 11
7044 25807 11



7152 26547 12



6953 24944 13



7072 26450 14



6990 25547 15



7021 26277 16
7038 26013 16
7026 26203 16



6949 25450 17
6958 25273 17
6965 25155 17
6940 25776 17



6956 25055 18
6973 24910 18
6969 25050 18



7036 25548 19
7031 25633 19



6961 24532 20



7070 25532 21
7042 25780 21



7146 26939 22



7046 25934 23



6903 24932 24



7009 25446 25
6966 25596 25



7182 26867 26
7184 26635 26



6982 24806 27



7095 26098 28
7096 26030 28
7092 26314 28



6960 25284 29



7075 25560 30
7079 25381 30



6885 23980 31
6873 24026 31



7046 25551 32



7118 25918 33



7070 25540 34



6951 25014 35



7184 26836 36



7026 25961 37
7017 25990 37



7014 25716 38
7003 25789 38
6964 25864 38



7064 26238 39



7101 26356 40



6986 24813 41



7098 26475 42
7099 26025 42
7065 26490 42



7151 26208 43
7157 26185 43
7160 25977 43
7134 26245 43



6859 24048 44



7046 26700 45
7045 26768 45
7104 26643 45
7077 26665 45



7169 27372 46
7161 27982 46
7197 26970 46
7193 26979 46



6944 24829 47



7112 26402 48
7109 26807 48



6953 25138 49



