7686 38421 0



7681 38028 1
7675 38319 1



7431 36337 2



7659 38480 3
7664 38466 3



7613 38064 4



7493 37052 5



7683 38186 6
7634 38228 6



7549 37523 7



7691 38706 8



7499 37446 9
7495 37638 9



7621 37847 10
7628 37751 10
7655 37371 10
7619 38642 10



7550 38665 11
7574 38572 11



7596 38808 12
7633 38651 12



7692 38866 13
7681 39417 13
7662 39420 13



7592 37748 14
7612 37739 14
7590 37783 14



7678 39566 15



7727 38699 16
7716 38744 16



7604 38619 17
7605 38218 17



7501 36911 18
7497 37126 18



7850 39498 19
7846 40136 19



7575 37508 20



7654 38392 21
7651 38820 21



7655 39123 22
7628 39908 22



7718 38557 23
7700 38596 23



7568 37781 24
7566 38243 24



7723 40038 25
7670 40158 25



7477 37097 26



7446 36857 27



7887 39790 28
7865 40022 28
7797 40086 28
7804 40043 28



7581 37758 29



7586 38177 30
7589 38135 30
7591 37940 30
7583 38295 30



7559 38217 31
7512 38400 31



7591 38267 32
7604 38259 32
7585 38531 32



7514 37572 33
7520 37332 33



7770 38861 34
7777 38824 34



7652 39152 35



7583 37438 36
7647 37209 36
7628 37392 36



7510 37098 37



7720 38838 38



7706 39285 39



7556 37002 40



7724 38289 41



7467 37481 42



7690 38652 43



7404 35722 44



7803 40006 45
7815 39781 45
7802 40524 45
7794 41312 45



7636 37072 46



7681 39575 47
7675 39645 47



7733 39327 48
7803 39286 48



7723 38577 49
7696 38744 49
7671 38776 49



