6798 26076 0
6807 25689 0



6918 26278 1
6926 25935 1
6913 26645 1



6725 24723 2



6964 25943 3
6965 25770 3



6834 25935 4



6827 25424 5
6836 25363 5
6818 25647 5



6868 26186 6
6883 26147 6



6940 25982 7
6954 25967 7



7032 26866 8
7005 26961 8



6782 25070 9



7041 26786 10
7037 26901 10



6918 26620 11



6909 26470 12



6961 26741 13
6966 26508 13



6895 26193 14



6715 24837 15



6848 25742 16



6944 26376 17
6931 26390 17



6910 26166 18



6822 25186 19
6820 26401 19



6923 26444 20
6931 26320 20



7060 27441 21
7049 27569 21
7062 27388 21



6908 25645 22
6902 25655 22



6824 25198 23



6928 26432 24
6935 26242 24



6932 26089 25
6926 26433 25



6920 26108 26
6912 26359 26



6828 25104 27
6810 25355 27



6846 25773 28



6706 25252 29



6825 25477 30
6849 25303 30



7187 28178 31



6915 26815 32
6931 26488 32
6913 26820 32
6922 26491 32



6870 26017 33



6822 25237 34
6838 25211 34



7009 26704 35
7008 26799 35



6839 25840 36



6951 26770 37
6966 26704 37



6947 26453 38



6732 24735 39



6880 25859 40



6846 25262 41



6742 25527 42
6748 24953 42
6735 25834 42



6861 25941 43
6844 25963 43



6791 25289 44



6950 26919 45
6948 27074 45
6954 26890 45



6822 25885 46



6982 26468 47
6974 27425 47



6745 24840 48
6780 24731 48
6741 24972 48



6950 26307 49



