6998 25157 0



7013 26360 1
7044 26236 1



6933 25117 2



6859 24151 3
6855 24275 3
6862 24010 3
6797 24413 3



7086 25799 4
7058 26305 4



7068 25765 5
7078 25698 5



6906 24660 6



6886 24778 7
6881 24955 7



7118 26460 8



6937 25279 9



7052 25897 10



7116 26401 11



7052 26064 12



6936 24713 13



6902 24578 14
6898 24697 14
6906 24498 14



6985 25862 15
7043 25742 15



7001 25162 16
6986 25365 16



6939 25134 17



6938 25363 18
6936 25537 18



7036 25431 19
7012 25858 19



6984 25464 20



7032 26066 21
6998 26101 21



6994 25083 22
6987 25153 22



7081 26141 23



7099 26795 24
7095 26827 24
7103 26681 24



7018 26038 25
7003 26221 25
7008 26153 25



6872 25055 26
6918 25031 26



6885 25235 27
6971 25220 27



6938 25625 28



7003 25468 29



7192 26894 30



7087 26101 31
7083 26254 31



7213 27242 32
7212 27981 32



7018 25035 33



7004 25180 34
6949 25202 34



7008 26030 35



7032 25769 36
7020 26298 36



7124 26230 37



7018 25364 38
6964 25448 38



6942 25526 39
6915 25531 39
6952 25478 39
6974 25405 39



6852 24782 40



7115 26649 41



7023 25798 42
7026 25682 42



7015 25363 43
6995 25503 43



7052 25965 44
7056 25953 44



6934 24736 45
6937 24604 45



6963 25496 46
6958 25658 46



7076 26453 47
7083 26303 47



6909 25078 48



7112 26159 49
7076 26990 49



