6849 22918 0



6931 23304 1
6947 23038 1
6944 23066 1



6897 23442 2
6896 23712 2
6878 23802 2



6931 23108 3



6818 23865 4
6906 23426 4
6846 23434 4



6988 23673 5



7099 24764 6
7092 25569 6
7101 24744 6



6864 23089 7



6988 23760 8
6989 23615 8



6805 23662 9
6801 23862 9



6684 21670 10
6718 21450 10
6708 21638 10



6896 23309 11
6916 23250 11



6926 22973 12



6856 23464 13
6870 23258 13
6855 23618 13



6815 22747 14
6813 22938 14



6799 22942 15



7094 24184 16
7059 24349 16



7053 24630 17
7054 24563 17
7043 25118 17



6751 22415 18



6916 23808 19
6913 23815 19



6885 23393 20
6882 23478 20



6993 24256 21
6982 24275 21



6800 22576 22



6639 21572 23
6626 22022 23
6724 21547 23



6647 21581 24



6867 23728 25
6857 24102 25
6900 23690 25



6944 23826 26



6933 23676 27
6942 23390 27



6844 22877 28
6848 22643 28
6834 22993 28



6862 23166 29
6881 22767 29



6858 23528 30
6924 23513 30



6809 22438 31
6800 22780 31



6898 22856 32
6878 23015 32



6933 23482 33
6917 23560 33
6932 23518 33



6979 23706 34
6980 23477 34



6984 23455 35
7000 23271 35
6997 23354 35
6996 23357 35



6900 23685 36



6707 21990 37



6940 24441 38
6941 24415 38



6842 23334 39
6838 23338 39



6902 23470 40
6889 23767 40
6907 23034 40



6769 22709 41
6736 22845 41



6774 22664 42
6777 22652 42
6785 22250 42



6949 23826 43
6946 23984 43



6883 23309 44



6911 23142 45
6895 23200 45
6920 23115 45



6863 23129 46



7028 24050 47



6806 22378 48



6693 22285 49



