8797 31789 0
8789 31898 0



8343 29036 1
8349 28990 1



8455 29792 2



8450 30062 3



8453 29964 4
8462 29710 4



8421 30051 5
8442 29695 5
8427 29930 5
8398 30122 5



8518 30327 6



8395 29308 7



8496 30361 8



8468 29734 9



8504 30502 10



8611 31119 11
8633 30975 11



8663 31201 12
8665 31079 12
8636 31223 12



8528 29843 13
8521 29867 13



8582 30268 14
8551 30832 14



8498 29648 15



8546 29997 16



8778 32680 17
8764 32919 17



8409 30119 18



8516 30564 19
8572 30342 19



8506 30581 20
8504 31078 20



8773 31796 21
8787 31637 21
8774 31697 21



8438 29979 22
8435 30109 22



8434 29688 23
8417 29757 23



8625 30423 24
8626 30282 24
8628 30246 24



8440 28720 25
8403 28754 25



8418 30040 26
8417 30097 26



8159 28454 27



8363 28915 28
8359 29586 28
8392 28726 28



8537 29874 29



8533 29935 30



8334 29436 31



8406 29443 32
8424 29362 32
8397 29692 32
8416 29377 32



8434 29516 33



8429 29918 34
8426 30079 34
8462 29751 34
8436 29845 34



8470 29840 35
8446 29964 35



8276 28481 36
8258 28521 36



8557 30677 37
8521 30874 37



8553 30835 38
8575 30223 38
8592 30221 38
8568 30647 38



8397 29448 39
8413 29383 39



8273 28889 40



8472 30406 41
8501 30262 41



8396 29118 42
8394 29231 42
8401 28897 42



8496 29611 43
8491 30111 43



8500 29767 44
8509 29702 44
8493 30015 44



8569 30427 45



8575 30878 46
8554 31090 46
8632 30645 46



8451 29875 47
8466 29616 47



8461 30054 48
8480 30051 48
8481 29642 48



8580 30681 49



