8586 31044 0
8556 31694 0
8583 31692 0



8463 30273 1
8460 30548 1



8385 30052 2



8334 29608 3



8556 30797 4



8337 28910 5



8684 32143 6
8636 32228 6
8595 32292 6
8631 32248 6
8706 32048 6
8694 32103 6



8239 29537 7
8233 29560 7



8498 30762 8
8476 30984 8



8542 30763 9



8615 31701 10
8606 31990 10



8317 29720 11
8301 29831 11
8321 29669 11



8721 32730 12
8730 32444 12
8699 33009 12



8467 30330 13
8458 30380 13
8472 30261 13



8489 30622 14



8582 31522 15



8593 31609 16
8581 31963 16



8477 30616 17



8443 30360 18
8393 30690 18
8431 30450 18
8446 30343 18



8400 30101 19
8415 30090 19
8376 30242 19



8570 31517 20
8585 31246 20
8573 31393 20



8407 30705 21
8426 30510 21



8393 29610 22
8388 29755 22



8562 32476 23
8564 31977 23
8557 32603 23
8641 31862 23



8403 30434 24
8397 30460 24
8412 30169 24



8406 29492 25



8478 30738 26
8453 30873 26
8462 30848 26



8560 31459 27
8571 31445 27



8481 30897 28
8480 31003 28
8484 30799 28



8451 30999 29



8497 30404 30
8521 30247 30



8201 28737 31



8447 30487 32
8460 30467 32



8337 30156 33



8431 30381 34
8419 30704 34



8509 30632 35



8211 29304 36
8208 29508 36



8257 29427 37



8326 29561 38



8430 31444 39
8487 30587 39



8431 30516 40
8413 30626 40
8504 30503 40



8459 30405 41
8435 30960 41



8390 30430 42
8410 30007 42



8377 29573 43
8375 29582 43



8524 30664 44
8518 30926 44
8486 31223 44



8367 30601 45
8427 30577 45



8657 32370 46
8665 32218 46
8600 32372 46



8301 29190 47



8311 30295 48



8496 30694 49
8480 30778 49



