8924 31179 0
8915 31706 0



8867 30586 1



8572 28326 2



8754 29998 3



8721 29648 4
8757 29602 4
8693 29758 4



8505 27597 5
8487 27600 5



9066 32431 6



8523 28293 7



8521 28318 8
8528 28022 8
8501 29060 8



8755 29364 9



8543 28923 10



8618 29441 11



8638 29166 12
8653 28975 12



8464 27480 13
8463 28153 13



8922 30890 14



8727 29366 15
8724 29677 15



8792 29885 16
8800 29764 16



8715 29661 17
8704 29866 17



8611 29165 18



8527 28444 19
8539 28222 19
8522 28447 19
8498 28493 19



8990 31569 20



8768 30096 21
8753 30224 21



8960 32723 22
8942 32902 22
8969 31775 22
8961 32121 22



8728 29531 23



8964 31315 24
8921 31360 24



8581 28257 25



8692 29566 26



8471 27662 27



8725 29524 28
8688 29707 28



8811 30318 29
8818 30174 29



8693 29437 30
8680 29588 30
8669 29861 30



8693 29384 31



8678 28905 32



8799 30517 33



8829 29727 34
8770 29752 34
8810 29749 34



8602 29403 35
8597 29816 35
8650 29375 35
8648 29389 35



8677 30587 36
8672 30599 36
8760 30251 36
8685 30472 36



8647 30372 37
8708 30267 37
8637 30458 37
8689 30294 37



9091 33111 38



8714 29646 39
8711 29820 39



8594 28735 40
8612 28563 40
8588 28789 40



8389 27429 41



8834 30252 42
8839 30166 42



8924 31666 43
8941 31126 43
8893 32029 43



8854 31074 44
8881 31043 44



8854 31293 45
8865 31129 45
8834 31311 45



8698 29688 46
8687 30163 46



8501 27718 47



8742 29770 48



8649 29105 49



