8593 29770 0
8589 30472 0



8823 31901 1



8650 31304 2



8740 31533 3
8746 31481 3
8696 31596 3
8748 31343 3



8959 33600 4
8957 34027 4



8894 32656 5



8763 31536 6
8753 31564 6
8774 31214 6



8647 30952 7



8978 33660 8
8990 33513 8



8929 33042 9
8910 33278 9



8650 30535 10
8639 30797 10



8651 31094 11
8639 31210 11
8663 30607 11



8666 30547 12



8617 31241 13



8670 30847 14



8828 31660 15



8602 31340 16
8616 31106 16



8786 31508 17



8719 30952 18



8650 30671 19



8838 31948 20
8798 31953 20
8780 32044 20



8585 31435 21



8579 29957 22



8533 29983 23
8492 29989 23



8562 29921 24
8560 29938 24



8796 32563 25
8807 32302 25



8722 31672 26
8777 31574 26



8704 31361 27
8707 31206 27



8685 31601 28



8554 30400 29
8558 29825 29



8516 30055 30



8942 33336 31
8948 32881 31
8939 33393 31



8867 32260 32



8715 31850 33
8708 32100 33



8639 31164 34



8730 30696 35
8727 31246 35



8941 33794 36



8665 30488 37
8656 30714 37



8566 29708 38



8605 30620 39



8461 29439 40



8659 30961 41
8708 30907 41
8737 30849 41



8541 29612 42



8713 31568 43



8748 31459 44



8767 32000 45



8711 31790 46



8755 32106 47



8685 31165 48
8667 31280 48



8799 31229 49



