9145 45194 0



9352 46415 1
9350 46668 1



9223 44971 2
9219 45241 2



9483 46547 3



9678 48481 4



9249 44210 5



9288 44547 6



9708 50369 7
9713 49772 7
9711 50360 7



9331 46042 8



9373 46930 9



9472 47034 10
9506 46918 10



9383 45885 11



9568 47072 12
9570 47016 12
9564 47304 12



9262 45498 13



9487 47691 14
9529 47517 14
9526 47556 14
9486 48257 14



9406 45949 15
9409 45764 15
9394 46129 15
9411 45506 15



9415 46289 16
9405 46346 16
9345 46396 16



9248 45722 17
9250 45462 17



9533 47780 18
9531 47904 18
9535 47768 18



9542 46928 19
9521 46968 19
9519 47124 19
9494 47180 19



9425 46506 20
9423 46871 20



9061 43880 21
9062 42602 21



9153 44042 22



9466 47368 23



9359 45561 24
9321 46110 24



9465 47467 25
9503 47296 25



9235 44115 26



9409 46496 27
9465 46437 27
9391 46558 27



9262 46000 28
9263 45547 28
9224 46030 28



9348 46046 29
9367 45987 29



9599 48349 30
9601 48300 30
9582 48420 30



9345 46330 31



9420 46997 32
9415 47050 32
9405 47162 32



9379 46498 33



9293 45698 34
9246 45952 34



9175 44832 35
9184 44515 35



9265 45849 36



9361 45937 37



9216 46118 38



9518 47583 39
9543 47240 39



9759 50096 40



9298 45131 41
9310 45119 41



9604 48678 42
9601 49686 42



9226 44244 43
9187 44292 43



9551 47233 44



9296 45061 45



9587 47769 46
9556 48013 46



9245 44970 47
9221 44984 47



9426 46755 48



9282 45061 49
9272 45581 49



