8396 27580 0



8354 26988 1
8369 26781 1



8258 26007 2
8221 26046 2



8365 27538 3



8161 26112 4



8142 25839 5
8153 25759 5
8135 25853 5



8111 24860 6
8112 24691 6
8092 25090 6



8211 25967 7



8477 27851 8
8411 28098 8



8209 25996 9
8156 26300 9



8182 26422 10
8190 26369 10



8175 25703 11



8340 27059 12



8237 26523 13



8386 27208 14



8329 26987 15
8334 26716 15
8338 26608 15
8330 26944 15



8241 26554 16
8265 25971 16
8240 26776 16
8248 26139 16



8273 26180 17
8260 26318 17



8151 25363 18
8149 25543 18
8148 25560 18



8211 26598 19
8236 26572 19
8262 26534 19
8263 26473 19



8269 26450 20



8300 26580 21



8288 26819 22



8373 27089 23



8318 27000 24



8277 26310 25



8241 26881 26
8247 26827 26
8271 26775 26
8240 26919 26



8224 26853 27
8266 26424 27
8225 26494 27



8287 26459 28



8301 26655 29
8280 26816 29



8176 25283 30
8171 25638 30



8384 27466 31



8108 26055 32
8188 25948 32



8457 28197 33
8444 28356 33
8446 28246 33



8284 26785 34
8286 26730 34
8292 26702 34



8425 27760 35
8353 27873 35



8231 26254 36



8331 27389 37



8231 26626 38



8378 27201 39
8374 27243 39



8508 28887 40



8355 27458 41



8280 26332 42
8270 26587 42



8322 26705 43



8212 25797 44



8198 26032 45



8233 26619 46
8320 26605 46



8238 26215 47
8231 26295 47
8248 26136 47



8254 26201 48



8261 26754 49
8250 27012 49
8295 26542 49
8281 26578 49



