9571 49553 0



9238 46871 1



9576 50102 2



9550 48927 3



9504 49152 4



9232 48340 5



9661 50784 6
9656 50856 6
9708 50532 6
9672 50644 6



9386 48749 7



9326 47244 8
9320 47812 8



9420 48398 9



9266 46805 10



9582 50096 11
9592 49714 11
9578 50489 11
9583 49972 11



9527 49034 12
9498 49515 12



9353 47669 13
9370 47539 13



9465 49818 14
9498 49405 14
9499 49247 14
9534 49217 14



9307 46508 15



9398 47704 16
9437 47366 16



9439 48655 17
9431 48657 17



9407 48534 18



9414 48040 19
9410 48556 19



9486 48518 20



9447 49888 21
9471 49836 21



9599 50227 22
9615 49996 22
9638 49921 22



9413 48321 23
9358 48711 23
9430 47778 23
9429 48149 23



9350 47142 24



9570 49999 25



9612 49845 26
9570 49991 26



9519 49036 27
9527 49022 27



9505 48684 28



9677 50573 29
9627 50837 29
9692 50564 29



9610 50588 30
9677 50523 30
9588 50938 30
9679 50356 30



9468 49853 31
9465 49903 31



9602 49223 32



9596 50949 33
9599 50757 33
9614 50268 33
9616 50024 33



9354 47748 34
9332 47932 34
9345 47790 34



9301 47570 35
9306 47100 35



9427 47452 36



9324 47234 37



9383 48042 38



9471 48220 39



9533 48728 40



9367 47505 41
9344 47844 41



9524 49103 42



9267 46345 43



9601 49787 44
9596 49823 44
9593 49840 44
9566 49852 44



9443 47615 45
9413 48411 45
9434 47877 45
9440 47799 45



9260 47476 46



9356 47065 47



9567 50093 48



9527 49183 49



