9699 49436 0
9707 49231 0



9646 47837 1



9660 48614 2
9696 48377 2
9716 48283 2
9715 48328 2



9514 46732 3
9520 46718 3



9644 49134 4



9621 47684 5
9590 48172 5
9615 47800 5



9429 45473 6
9390 45765 6



9569 47455 7
9582 47313 7



9631 48114 8



9692 49644 9
9736 49554 9
9746 49109 9
9740 49410 9



9632 49336 10



9453 45765 11
9415 46293 11
9475 45626 11
9457 45647 11



9470 48309 12
9467 48310 12



9515 46215 13
9579 45868 13



9509 47162 14



9569 48318 15
9589 48291 15
9567 48365 15



9586 47451 16



9516 46180 17



9562 48211 18



9619 47893 19
9631 47876 19
9613 48660 19



9437 47019 20
9487 46940 20



9509 47266 21



9506 46915 22



9646 48132 23
9655 48075 23



9655 47725 24
9642 47827 24



9708 48432 25
9667 48790 25



9657 48252 26
9619 48591 26



9506 47629 27
9547 47308 27
9524 47407 27



9664 48113 28
9661 48687 28



9492 47297 29
9459 47392 29



9716 48742 30
9712 49047 30



9629 49242 31



9579 47183 32



9661 48600 33
9641 48995 33



9577 47854 34



9519 47689 35
9522 47378 35
9516 48062 35



9570 47674 36



9485 46071 37
9519 45772 37
9509 45859 37



9662 48160 38



9733 48696 39



9648 47788 40



9568 47263 41



9614 48124 42
9616 47806 42



9569 47313 43



9841 49660 44



9503 46581 45



9781 49173 46
9802 48906 46
9747 49218 46



9472 46294 47
9473 46031 47



9668 47861 48



9485 47417 49
9466 47420 49
9495 47335 49



