9185 44239 0



9407 46360 1
9413 45781 1
9392 46586 1



9266 45540 2



9415 46701 3
9365 46753 3



9343 45732 4
9296 46124 4



9243 45025 5
9236 45084 5
9246 44852 5



9236 44338 6
9200 44563 6



9238 45598 7
9237 45966 7



9332 46247 8
9350 46168 8
9359 46127 8



9290 45863 9



9357 45615 10
9350 45880 10



9553 48267 11
9543 48757 11



9416 45790 12



9276 46630 13



9279 46620 14



9167 44798 15



9158 44157 16
9157 44836 16



9450 47304 17



9177 44659 18



9395 45993 19



9258 45751 20
9243 45792 20



9056 44547 21
9093 44195 21
9074 44430 21
9082 44408 21



9124 43756 22
9117 44031 22



9124 43850 23



9289 45426 24
9285 45755 24



9322 46529 25



9387 46000 26



9203 44699 27



9126 43590 28
9123 44011 28



9393 46638 29
9421 46597 29
9419 46600 29



9261 45684 30



9369 45786 31
9347 46199 31



9161 43953 32



9434 46804 33



9384 46754 34



9355 46174 35
9354 46749 35



9396 46161 36
9395 46441 36
9393 46510 36



9428 47250 37
9431 47040 37
9429 47155 37



9166 44860 38



9176 43928 39
9170 44591 39



9281 45104 40
9280 45515 40



9300 44734 41



9371 45743 42
9314 45797 42



9353 45815 43
9348 46081 43



9337 46149 44
9321 46686 44



9422 47255 45



9121 42862 46
9119 43183 46



9220 44570 47



9344 46661 48



9395 46397 49
9392 46445 49
9417 46136 49



