7727 38828 0



7719 39379 1
7740 39334 1



7768 38869 2
7753 39073 2



7762 38965 3



7690 38371 4



7798 38918 5



7912 40604 6



7566 36911 7
7564 36974 7



7804 38951 8
7799 39151 8



7675 37596 9
7663 37752 9



7770 39376 10



7856 39652 11
7869 39608 11
7847 39789 11



7747 38570 12
7741 38706 12



7993 40742 13
7991 40838 13
7945 40936 13
7969 40840 13



7767 38861 14
7764 39220 14



7648 37955 15



7780 39018 16



7793 38975 17
7792 39076 17
7783 39717 17



7674 37418 18



7854 39546 19



7777 38930 20



7765 38694 21
7772 38383 21
7764 38841 21
7770 38492 21



7682 38162 22
7659 38273 22
7699 37727 22
7696 38019 22



7881 39929 23



7847 38625 24
7858 38573 24



7768 38648 25
7764 38802 25



7957 40264 26



7671 38452 27



7790 39078 28
7802 38853 28
7787 39255 28



8038 40888 29



7763 38883 30
7762 39048 30
7755 39146 30
7752 39527 30



7750 38109 31
7735 38554 31



7664 38035 32



7809 39057 33



7776 39014 34
7777 38465 34



7693 38112 35
7688 39206 35



7716 37773 36



7763 38542 37



7783 39303 38
7790 39262 38
7777 39670 38



7696 38588 39
7707 38490 39
7685 39237 39
7721 38366 39



7782 39067 40
7781 39359 40



7863 39855 41
7896 39754 41



7688 38865 42
7701 38665 42



7840 40030 43
7843 39682 43



7826 39151 44
7820 39155 44
7834 39111 44



7780 39132 45



7748 39092 46



8007 41212 47
7990 41275 47



7788 39165 48



7842 39807 49
7859 39779 49



