9114 45809 0
9139 45639 0



9361 48449 1



9297 46464 2



9096 45244 3



9075 44164 4



9296 46760 5



9031 43920 6



9277 46225 7



9193 45564 8
9167 45900 8
9219 45354 8
9208 45382 8



9101 45174 9



9049 44395 10



9126 45425 11



9221 46118 12
9220 46155 12
9234 46042 12



9115 44601 13



8983 44311 14



9142 44524 15



9213 44925 16



9096 43463 17



9017 43418 18



9086 44491 19
9104 44475 19



9214 46174 20



9018 44263 21



8957 42792 22
8902 43042 22



8997 44611 23



9062 44533 24
9075 44380 24
9064 44456 24
9057 44802 24



9076 44794 25



9078 43746 26



9115 44889 27
9139 44767 27



9189 45721 28
9186 45769 28



9212 45512 29
9176 45548 29



9005 43353 30
8973 43696 30



9042 43365 31



9260 45680 32



9038 43589 33



9070 44307 34



9156 45659 35



9149 45696 36
9151 44896 36



9214 46269 37



9382 46644 38
9370 46730 38



9220 46403 39



9225 46474 40
9199 46691 40



9041 43667 41



9009 44412 42
9019 44184 42



9228 45402 43
9189 45404 43



9019 43434 44
9027 42933 44



9241 45445 45
9163 45952 45
9238 45618 45
9204 45623 45



9081 44849 46



9167 45228 47
9150 45562 47



9269 46102 48
9257 46556 48
9275 45951 48



9181 45165 49



