30	90	135	16	76	122	152	183	168	198	228	258	289	5	245	50	275	215	66	111	
165	211	136	91	242	2	62	257	227	18	273	153	288	34	185	125	110	51	201	81	
105	15	1	31	61	46	287	182	138	94	199	154	124	214	229	244	80	170	276	261	
210	255	75	181	226	106	196	286	272	63	123	93	49	4	20	35	155	140	171	246	
285	45	270	60	0	121	32	137	197	17	243	213	169	79	109	259	230	186	96	156	
150	225	241	167	92	212	3	33	108	78	48	139	184	274	200	65	260	291	126	21	
240	180	195	120	271	256	151	166	47	107	77	64	19	95	290	36	231	141	216	6	
22	187	38	248	143	83	98	158	294	264	130	11	71	176	206	222	283	238	59	119	
97	157	68	113	128	204	175	190	235	10	280	220	265	85	26	41	251	297	57	147	
217	247	127	172	278	24	54	234	146	266	42	102	207	72	162	87	13	118	299	194	
112	142	82	232	293	8	69	205	56	161	282	132	28	43	193	103	223	178	254	269	
7	67	292	203	189	279	250	100	145	55	25	236	116	177	133	88	163	268	44	224	
262	233	53	218	9	159	249	174	295	40	115	191	101	27	208	148	74	89	134	284	
277	173	23	39	114	144	160	131	221	86	296	252	192	267	12	73	58	104	209	239	
37	52	202	188	263	84	99	129	219	70	281	117	237	253	298	179	149	164	14	29	
0	181	374	454	605	692	724	1021	1138	1175	1268	1324	1657	1828	2142	2229	2326	2444	2506	2579	
0	196	454	642	814	901	948	1143	1157	1268	1450	1627	1655	1657	1808	2001	2125	2326	2506	2532	
0	99	431	439	586	674	755	874	1021	1374	1462	1655	1834	1885	2037	2057	2142	2147	2444	2542	
0	68	165	187	280	379	460	566	755	1143	1165	1337	1545	1731	1735	1879	1924	2124	2162	2342	
0	107	230	246	337	431	595	642	746	896	999	1040	1240	1487	1650	1719	2057	2095	2165	2320	
0	128	280	671	814	908	994	1189	1232	1362	1487	1545	1551	1627	1808	1996	2164	2235	2256	2338	
0	27	76	170	246	344	484	669	717	825	957	1165	1450	1552	1828	1924	2095	2267	2506	2590	
2476	2585	2631	2795	2947	3140	3143	3293	3310	3400	3550	4345	4510	4540	4693	4878	5067	5104	5706	5851	
2320	2490	3005	3133	3159	3290	3887	3999	4004	4177	4345	4353	4372	4507	4595	4763	4778	4956	5039	5150	
2590	2609	2746	2881	3023	3217	3312	3494	4064	4507	4778	4894	4939	5007	5133	5210	5459	5485	5496	5590	
2715	2838	2947	2973	3028	3152	3200	3307	4124	4185	4548	4647	4815	4894	5153	5259	5319	5382	5546	5605	
2780	2855	3005	3014	3037	3187	3751	3817	3941	4064	4124	4262	4461	4693	4868	5320	5339	5474	5597	5666	
2653	3028	3117	3312	3477	3586	3680	3751	3887	4024	4037	4160	4163	4763	5007	5264	5606	5682	5695	5814	
2542	3023	3068	3217	3323	3493	3680	3744	4372	4595	4770	4956	5019	5153	5284	5459	5606	5706	5882	6033	
1981	2506	2699	2895	2919	3143	3293	3425	3550	3707	4353	4548	4653	5019	5040	5546	5745	5790	5803	5999	
181	374	454	605	692	724	776	1138	1175	1255	1324	1410	1828	1908	2229	2326	2444	2506	2579	2715	
196	253	642	814	901	948	1143	1157	1268	1450	1627	1655	1657	1808	2001	2125	2127	2506	2532	2563	
99	151	439	586	674	717	874	1021	1174	1462	1606	1834	1885	2037	2057	2142	2147	2148	2542	2653	
68	165	187	231	379	460	566	755	762	1165	1337	1374	1731	1735	1879	1924	2124	2162	2342	2349	
107	230	246	337	431	595	600	746	896	999	1040	1240	1245	1650	1719	1771	2095	2165	2320	2490	
128	280	326	772	908	994	1189	1232	1362	1487	1545	1551	1584	1808	1996	2164	2235	2256	2338	2476	
27	76	170	186	344	484	669	671	825	957	1116	1223	1552	1688	1846	1981	2267	2284	2590	2780	
2585	2631	2795	2825	3140	3143	3293	3310	3400	3421	3744	4510	4540	4693	4878	5067	5104	5171	5851	6016	
2350	2627	3133	3159	3290	3297	3999	4004	4177	4345	4353	4372	4507	4595	4763	4778	4956	5039	5150	5264	
2609	2746	2881	3023	3094	3269	3494	3639	4071	4547	4894	4939	5007	5133	5210	5320	5485	5496	5590	5718	
2838	2947	2973	3028	3152	3200	3307	3478	4185	4269	4647	4815	4825	5057	5259	5319	5382	5546	5605	5627	
2855	3005	3014	3037	3187	3345	3817	3941	4064	4124	4262	4461	4468	4868	5009	5339	5474	5597	5666	5683	
2799	3117	3312	3477	3586	3680	3751	3887	4024	4037	4160	4163	4334	4790	5085	5275	5682	5695	5814	5947	
2613	3068	3217	3323	3493	3581	3739	3749	4450	4770	4782	5019	5153	5284	5459	5606	5706	5882	6033	6173	
2051	2699	2895	2919	2952	3189	3425	3550	3707	3768	4548	4653	4793	5040	5090	5745	5790	5803	5999	6191	
