3221 1352  0
3187 1361  0
3181 1372  0
3146 1374  0
3189 1349  1
3197 1279  1
3198 1187  1
3378 1139  1
3228 1359  1
3245 1358  1
3246 1355  1
3248 1265  1
3152 1272  3
3157 1265  3
3129 1273  3
3172 1408  4
3266 1353  4
3258 1356  4
3252 1388  4
3231 1293  5
3198 1352  5
3245 1402  6
3224 1415  6
3193 1471  6
3293 1393  6
3254 1299  7
3239 1362  7
3237 1426  7
3174 1450  7
3148 1342  8
3123 1365  8
3278 1323  8
3271 1313  10
3228 1377  10
3225 1443  10
3278 1309  10
3156 1435  11
3317 1265  11
3174 1296  11
3064 1317  12
3071 1311  12
3077 1306  12
3078 1275  12
3061 1322  12
3109 1269  12
3184 1444  13
3195 1395  14
3201 1324  14
3276 1308  14
3174 1445  14
3101 1285  15
3159 1318  16
3203 1282  16
3106 1323  16
3135 1394  17
3150 1292  17
3165 1276  17
3232 1480  18
3063 1236  19
3074 1241  19
3070 1240  20
3162 1164  20
3154 1306  21
3212 1269  21
3148 1428  21
3225 1257  21
3167 1232  22
3185 1206  22
3150 1247  22
3121 1255  23
3098 1345  23
3188 1227  24
3187 1235  24
3129 1250  24
3233 1220  24
3156 1356  25
3184 1352  25
3153 1380  25
3100 1225  26
3108 1206  26
3116 1204  26
3131 1156  26
3193 1288  27
3154 1324  27
3171 1311  27
3071 1267  28
3113 1261  28
3130 1167  29
3148 1159  29
3094 1181  29
3185 1293  30
3172 1315  30
3168 1318  30
3156 1337  30
3183 1269  31
3171 1361  31
3118 1435  32
3139 1248  32
3172 1251  33
3197 1230  34
3200 1216  34
3174 1239  34
3096 1288  34
3159 1263  34
3223 1200  34
3156 1278  35
3133 1330  35
3133 1250  36
3134 1223  36
3124 1339  37
3297 1259  37
3271 1281  37
3269 1284  37
3236 1295  37
3229 1323  37
3126 1285  39
3144 1277  39
3123 1324  39
3152 1182  40
3147 1277  40
3189 1436  41
3663 1308  41
3421 1309  41
3212 1314  41
3154 1284  42
3199 1247  42
3137 1312  42
3142 1298  42
3179 1324  43
3206 1285  43
3180 1309  43
3065 1254  44
3453 1146  44
3146 1361  45
3148 1284  45
3134 1394  45
3154 1241  45
3152 1321  46
3273 1285  46
3104 1351  46
3201 1307  46
3095 1259  47
3112 1240  47
3066 1281  48
3043 1322  48
3167 1249  48
3234 1352  49
3170 1354  49
