3092 1188  0
3096 1165  0
3028 1265  0
3166 1102  0
3081 1209  0
3030 1245  0
3119 1148  0
3139 1143  0
3144 1109  0
3059 1210  0
3057 841  1
3084 826  1
3090 821  1
3025 881  1
3052 909  1
3039 910  1
3032 924  1
3074 851  1
2975 1132  1
3027 943  1
3017 1013  1
3014 1085  1
2996 1113  1
3065 907  1
3018 1030  3
3017 1076  3
2971 1094  3
2960 1100  3
3025 1178  4
2995 1232  4
3151 1167  4
3015 1225  4
3081 1048  4
3105 1047  4
3039 1179  4
3126 1021  4
3023 1192  5
3021 1193  5
3092 1166  5
3136 1145  5
2984 1132  6
3158 1023  6
3086 1041  6
3078 1075  6
3044 1053  7
3222 931  7
3034 1102  7
3063 943  7
3060 1034  7
3157 941  7
3032 1114  8
3054 1062  8
3058 1029  8
3059 911  8
3079 1266  10
3101 1071  10
3099 1142  10
3064 1302  10
3095 1084  11
3106 1075  11
3069 1100  11
3119 957  11
2953 856  12
3032 926  13
3018 1158  13
3108 1021  14
2984 1079  14
2986 1050  15
2944 1058  15
3031 1198  16
3053 1170  16
3186 1092  16
2992 1228  16
3038 1007  17
3041 972  17
3045 902  17
3036 1021  17
3018 1212  18
3023 1208  18
3053 1181  18
3065 1118  18
2994 1086  19
2967 1131  19
3168 1187  19
3143 1215  19
3117 1265  19
3100 1271  19
3137 1221  19
3126 1253  19
3038 1175  20
3056 1155  20
3026 1257  20
3028 1200  20
3028 970  21
3069 960  21
3024 1111  21
3022 1131  21
3022 1007  22
3000 1210  23
3086 1029  23
3068 1139  23
3032 1146  23
3120 1097  24
3116 1099  24
3113 1115  24
3016 1202  24
3168 1071  24
3080 1125  24
3017 1196  25
3141 1098  25
3118 1104  25
3107 1138  25
3200 999  26
3034 1123  26
3126 1003  26
3097 1011  26
3118 1029  27
3027 1059  27
3159 979  27
3037 1088  28
3015 1103  28
2981 1125  28
3053 871  29
3081 848  29
3117 829  29
3048 983  29
3036 988  29
3131 824  29
2981 979  30
2978 980  30
3128 1036  31
3105 1051  31
3076 1155  31
3037 1196  31
3093 870  32
3077 1000  32
3048 1005  32
3048 1162  33
3082 1066  33
3077 1120  33
3042 1177  33
3118 817  34
3047 825  34
3042 853  34
3010 959  34
3060 1243  35
3038 942  36
2972 978  36
2986 1141  37
3078 1085  37
3128 1014  39
3104 1178  39
3035 998  40
2997 1148  40
3002 1112  41
3179 994  41
3054 1006  41
3027 1073  41
3029 1050  41
3038 1023  41
2968 955  42
3077 913  42
3005 919  42
3102 797  43
3013 851  43
3013 1101  44
3039 1045  44
3073 1001  44
3104 1051  45
3018 1120  45
3017 1136  45
3036 1063  45
2987 1198  45
3109 1042  45
2997 1107  46
3012 1168  47
3009 1082  48
3013 1037  48
2993 1086  48
3028 1091  49
3226 1081  49
3011 1099  49
