3637 1665  0
3589 1667  0
3488 1724  0
3614 1585  1
3552 1686  1
3544 1751  1
3570 1590  1
3475 1633  1
3627 1348  1
3484 1518  1
3600 1432  1
3565 1489  1
3552 1515  1
3568 1641  3
3540 1651  3
3550 1646  3
3644 1579  3
3424 1509  4
3375 1663  4
3413 1546  4
3401 1575  4
3441 1418  4
3484 1530  5
3567 1526  5
3416 1569  5
3664 1506  5
3481 1636  6
3504 1555  6
3579 1470  6
3564 1745  7
3583 1701  7
3595 1667  7
3601 1633  7
3466 1475  8
3438 1502  8
3423 1522  8
3409 1526  8
3402 1546  8
3806 1309  8
3605 1829  10
3617 1818  10
3634 1664  10
3629 1668  10
3584 1851  10
3830 1654  10
3649 1579  11
3469 1778  11
3518 1652  11
3503 1656  11
3481 1728  11
3473 1765  11
3487 1547  12
3448 1685  12
3476 1608  12
3650 1519  12
3477 1537  13
3444 1607  13
3623 1464  14
3496 1469  14
3452 1588  14
3488 1560  14
3538 1495  15
3563 1463  15
3639 1437  15
3502 1515  15
3471 1518  15
3637 1439  15
3528 1624  16
3561 1604  16
3461 1644  16
3577 1593  16
3505 1532  17
3474 1563  17
3456 1683  17
3646 1527  17
3489 1717  18
3493 1702  18
3466 1722  18
3554 1532  18
3497 1537  19
3558 1536  19
3486 1732  19
3654 1635  19
3666 1561  19
3513 1694  19
3507 1718  19
3415 1405  20
3381 1407  20
3474 1556  21
3610 1471  21
3608 1490  21
3512 1491  21
3483 1581  22
3509 1556  22
3472 1463  23
3489 1460  23
3399 1519  23
3491 1411  23
3621 1518  24
3507 1553  24
3462 1780  24
3490 1590  24
3517 1464  25
3434 1747  25
3508 1469  25
3536 1400  25
3466 1485  25
3445 1645  25
3540 1615  26
3526 1631  26
3490 1649  26
3459 1657  26
3467 1655  26
3543 1599  26
3504 1538  27
3488 1561  28
3494 1547  28
3451 1661  28
3461 1574  28
3493 1689  29
3525 1661  29
3551 1578  29
3520 1662  29
3476 1393  30
3446 1400  30
3481 1443  31
3449 1570  31
3498 1437  31
3473 1466  31
3437 1616  32
3558 1496  33
3579 1477  33
3490 1510  33
3437 1534  33
3467 1547  34
3511 1489  34
3508 1530  34
3491 1536  34
3421 1467  35
3440 1461  35
3395 1551  35
3431 1463  36
3449 1389  36
3635 1352  36
3557 1353  36
3489 1359  36
3450 1364  36
3514 1525  37
3540 1524  37
3573 1489  37
3438 1529  37
3479 1532  39
3460 1628  40
3517 1619  40
3422 1661  40
3415 1575  41
3542 1427  41
3489 1535  41
3547 1498  42
3526 1521  42
3422 1754  42
3433 1649  42
3524 1583  43
3515 1624  43
3497 1631  43
3483 1642  43
3438 1610  44
3439 1567  44
3426 1642  44
3471 1554  44
3489 1548  45
3486 1559  45
3449 1597  45
3510 1531  45
3465 1738  46
3479 1559  46
3440 1740  46
3527 1558  46
3392 1608  47
3464 1465  47
3453 1491  47
3438 1586  47
3586 1636  48
3474 1491  49
