3436 1097  0
3493 1084  0
3406 1113  0
3404 1438  0
3365 1074  1
3539 1058  1
3446 1160  1
3492 1090  1
3419 1441  1
3471 1126  1
3468 1127  1
3430 1213  1
3398 1092  3
3372 1161  3
3403 1021  3
3335 1175  3
3385 1260  4
3437 1089  4
3429 1119  4
3417 1229  4
3616 977  4
3524 1025  4
3438 1219  4
3487 1073  4
3472 1134  4
3448 1137  4
3446 1148  4
3440 1153  4
3396 1241  5
3415 1126  5
3433 1103  5
3379 1263  5
3493 1115  6
3562 1110  6
3445 1126  6
3443 1204  6
3428 1263  6
3731 1106  6
3419 1009  7
3361 1065  7
3381 1010  7
3753 1032  8
3572 1058  8
3442 1078  8
3498 1068  8
3408 1193  10
3446 977  10
3404 1205  10
3419 1108  10
3462 1033  11
3457 1054  11
3391 1171  11
3450 1055  11
3437 1105  11
3436 1116  11
3398 1051  12
3489 1009  12
3391 1242  12
3513 1002  12
3456 1039  13
3408 1096  13
3410 1065  13
3462 1004  14
3425 1010  14
3404 1130  14
3435 1051  15
3443 947  15
3432 1142  15
3421 1205  15
3396 1083  16
3365 1222  17
3495 1003  17
3424 1012  17
3411 1030  17
3366 1094  17
3385 1070  17
3384 1099  18
3428 1008  18
3372 1303  18
3407 1031  18
3413 1092  19
3391 1103  19
3420 1044  19
3380 1164  19
3409 1264  19
3507 977  19
3442 1009  19
3431 1078  19
3434 1047  20
3430 1098  20
3380 1217  20
3472 1018  20
3757 973  20
3617 1002  20
3405 1041  21
3481 1017  21
3479 1024  21
3396 1105  21
3397 1051  21
3402 1046  21
3452 1031  21
3520 890  21
3507 988  21
3388 1159  21
3638 1022  22
3390 1227  22
3553 1094  22
3409 1215  22
3407 1043  23
3360 1067  23
3720 1025  24
3400 1123  24
3475 1035  24
3459 1075  24
3436 1088  24
3404 1115  24
3503 954  25
3379 1075  25
3486 988  25
3401 990  25
3373 1244  26
3359 1295  26
3376 1036  26
3528 1043  27
3495 1060  27
3380 1161  27
3640 1020  27
3402 1068  27
3632 1035  27
3393 1045  28
3384 1233  28
3379 1049  29
3485 1014  29
3399 1065  30
3493 1059  30
3625 1048  30
3415 1016  31
3404 1156  31
3397 1434  31
3581 1030  32
3438 1112  32
3443 1100  32
3378 1115  32
3353 1330  33
3370 1030  33
3366 1168  33
3351 1387  33
3375 1031  34
3376 993  34
3351 1060  34
3414 1283  35
3429 1151  35
3418 1232  35
3435 1143  35
3440 1105  35
3413 1284  35
3422 1122  36
3451 1092  36
3460 1053  36
3438 1100  36
3501 1031  36
3407 1227  36
3507 1115  37
3450 1207  37
3469 1182  37
3437 1218  37
3485 1156  37
3497 1128  37
3509 1079  37
3510 1068  37
3413 1250  37
3556 1058  37
3633 1057  39
3389 1233  39
3450 1070  39
3437 1215  39
3424 1154  40
3426 1010  40
3531 940  40
3513 960  40
3486 981  40
3438 985  40
3446 1086  41
3389 1224  41
3413 1109  41
3601 1005  41
3397 1186  41
3447 1054  41
3378 1253  42
3480 1042  42
3473 1052  42
3471 1065  42
3425 1085  42
3400 1210  42
3473 1080  43
3415 1101  43
3574 1079  43
3460 1109  44
3473 1108  44
3444 1116  44
3404 1214  44
3440 1180  44
3483 1086  44
3327 1332  45
3493 1013  45
3427 1037  45
3413 1063  45
3400 1072  45
3397 1110  45
3609 913  46
3396 1175  46
3509 925  46
3394 1196  46
3483 1050  46
3438 1075  46
3450 1104  47
3481 1082  47
3448 1111  47
3485 977  47
3502 948  47
3399 1196  47
3438 1126  48
3565 1001  48
3485 1006  48
3461 1015  48
3412 1090  49
3415 1069  49
3375 1119  49
3346 1332  49
