3520 966  0
3516 1031  0
3653 1123  1
3565 1131  1
3557 991  1
3551 1092  1
3568 1021  3
3610 1039  4
3578 1056  4
3563 1098  4
3558 1108  4
3575 1021  4
3586 1066  5
3544 1103  5
3512 914  6
3587 1168  7
3637 1150  7
3681 1014  8
3683 987  8
3679 1024  8
3670 1125  8
3554 1163  8
3686 968  8
3608 1030  10
3576 1039  10
3638 1130  11
3625 1191  11
3646 1121  11
3505 1043  12
3506 1021  12
3529 1045  13
3624 1185  14
3771 1162  14
3612 1027  15
3611 1117  15
3587 1060  16
3574 1073  16
3569 1128  16
3596 1181  17
3599 1111  17
3527 1035  18
3530 1019  18
3567 1013  18
3514 1101  18
3570 1028  19
3553 1058  19
3521 1071  19
3587 1026  19
3597 1006  19
3533 1054  19
3547 1083  20
3535 1087  20
3609 1072  21
3566 1079  21
3555 964  22
3552 973  22
3537 976  22
3568 1058  23
3575 1055  23
3563 1133  23
3613 1034  23
3619 1085  24
3618 1118  24
3611 1138  24
3564 1118  25
3570 1089  25
3576 1050  26
3553 1063  26
3625 1071  27
3613 1064  28
3627 1051  28
3582 1102  28
3563 1114  28
3528 1045  29
3592 1046  30
3611 1028  30
3628 1036  31
3573 1048  31
3587 1009  32
3609 978  33
3542 987  33
3537 926  34
3526 968  34
3696 1082  35
3644 1091  35
3706 1081  35
3583 1015  36
3593 1014  36
3570 1187  37
3618 1166  37
3645 1129  37
3661 1098  39
3653 1169  39
3638 1176  39
3562 1185  39
3580 1029  40
3537 1055  40
3586 1024  40
3550 996  41
3588 977  42
3601 787  42
3614 781  42
3641 770  42
3576 1046  43
3593 1017  43
3583 1018  43
3580 1074  44
3582 1058  44
3589 1036  44
3573 1087  44
3546 996  45
3488 981  46
3675 1181  47
3714 1158  47
3652 1234  47
3606 1044  48
3583 966  49
3566 968  49
