3378 502  0
3336 563  0
3360 555  0
3334 575  0
3332 595  1
3347 562  1
3397 500  1
3437 480  1
3372 520  1
3354 529  1
3373 516  1
3316 573  1
3391 492  1
3366 463  3
3298 494  4
3353 428  4
3295 499  4
3324 454  4
3270 573  4
3271 466  4
3268 672  4
3377 434  5
3375 450  5
3361 453  5
3351 486  5
3315 572  6
3345 457  6
3335 459  6
3372 538  7
3392 479  7
3386 515  7
3380 523  7
3409 471  7
3368 688  7
3322 448  8
3320 463  8
3306 507  8
3431 515  10
3384 525  10
3378 560  10
3351 579  10
3345 700  10
3298 719  10
3315 490  11
3358 468  11
3307 382  12
3337 551  13
3322 485  14
3363 464  14
3344 472  14
3329 439  15
3325 643  16
3327 449  16
3331 455  17
3407 496  18
3449 471  18
3336 672  18
3416 478  18
3375 498  18
3364 539  18
3309 627  19
3305 647  19
3326 453  19
3319 558  19
3358 405  19
3568 381  19
3322 410  19
3334 441  20
3322 462  21
3319 486  21
3385 510  22
3325 703  22
3341 559  22
3330 599  22
3324 471  23
3309 472  23
3355 607  24
3382 445  24
3364 488  24
3409 485  25
3356 503  25
3361 471  26
3345 542  26
3373 446  26
3340 554  26
3313 476  27
3323 420  27
3311 580  27
3349 697  28
3412 477  28
3410 482  28
3402 499  28
3394 520  28
3385 525  28
3378 471  29
3376 490  29
3385 429  30
3341 451  30
3433 419  30
3322 448  31
3342 427  31
3225 426  32
3265 391  32
3394 518  33
3401 500  33
3382 520  33
3363 526  33
3323 486  34
3351 481  34
3316 563  34
3508 430  35
3614 426  35
3440 451  35
3307 499  35
3361 454  36
3350 457  36
3343 470  36
3307 523  36
3388 472  37
3362 473  37
3335 499  39
3293 508  39
3305 407  40
3378 459  41
3356 466  41
3346 628  41
3351 488  41
3314 471  42
3337 454  42
3333 459  42
3316 539  43
3328 477  43
3325 481  43
3314 590  43
3329 471  43
3317 516  43
3337 449  44
3335 457  44
3366 490  45
3379 462  45
3401 439  45
3347 522  45
3329 504  46
3330 454  46
3367 435  46
3299 604  46
3299 570  47
3333 451  47
3325 528  47
3310 535  47
3389 483  48
3390 470  48
3355 571  48
3359 489  48
3322 498  49
3351 426  49
3350 469  49
3337 476  49
