2942 1013  0
2944 1002  0
2956 1000  0
2922 1024  0
2980 1062  1
2982 1060  1
3043 969  1
2966 1066  1
2949 1047  1
2900 984  3
3071 878  3
3020 882  3
2891 1001  3
2971 963  4
2927 1033  4
2888 998  4
2955 964  4
2952 966  4
3005 870  5
2969 1066  5
3003 991  5
2996 1046  5
2978 1056  6
3037 1050  6
2957 1067  6
2904 991  7
2909 961  7
3012 982  8
2988 999  8
2936 1045  8
3016 1005  10
3033 977  10
2940 1011  10
2907 949  11
2869 952  11
2909 1010  12
2905 1012  12
2955 1057  13
2956 1052  13
2945 1055  14
2950 1037  14
2923 984  15
2951 956  15
2922 1003  15
2921 965  16
2894 984  16
2949 1059  17
2997 1084  18
3070 1063  18
3157 1009  18
2977 1087  18
2875 984  19
2899 933  19
2976 1020  19
3023 995  19
2971 1026  19
3044 932  19
3129 834  19
3107 896  19
2963 1029  20
2969 1012  20
2946 1052  20
2882 969  21
2893 977  22
2929 971  22
2923 974  22
2936 964  22
2885 995  23
2870 955  24
2894 937  24
2893 952  24
2936 931  24
2966 1028  25
2953 1033  25
2928 1034  25
2924 997  26
2967 1006  27
2947 973  28
2964 940  28
2865 974  28
3076 933  29
2944 1022  29
2940 981  30
2909 992  30
2905 1002  30
2980 1000  31
3016 981  31
2943 1029  31
3104 917  31
2951 1001  32
2941 1007  33
2902 1010  33
2904 1011  34
2913 970  34
2954 837  35
2863 973  36
2905 963  36
2933 959  36
2893 937  37
2886 956  37
2967 999  39
2911 1007  39
2887 950  40
2846 956  40
2918 973  41
2951 964  41
2913 1023  41
2882 992  42
2907 952  43
2915 1016  44
2924 1009  45
2931 1005  45
2970 941  45
2916 1016  45
2857 947  46
2851 958  46
2938 1025  47
2985 1024  47
3004 1013  47
3006 1006  47
3040 916  47
2935 1031  47
2889 968  48
2885 978  48
2882 992  48
2913 937  49
2858 968  49
