2999 696  0
3020 541  0
3071 523  0
3214 531  1
3116 571  1
3059 604  1
3032 684  1
2991 550  1
2966 573  1
2949 582  1
3016 525  1
3037 461  3
3007 517  3
2928 615  4
2949 440  4
2938 649  4
3021 582  4
3027 492  4
2976 589  4
2961 618  4
2934 705  4
3018 572  5
3003 587  5
3000 597  5
3059 494  5
2994 612  6
3063 515  6
3044 516  6
3009 537  6
3000 580  6
2991 638  6
3021 682  7
3012 699  7
3024 558  7
2988 556  8
2971 558  8
2993 501  10
2957 672  10
2962 508  10
2961 617  10
3006 560  11
3209 510  11
3000 648  11
3065 515  11
3012 631  12
3001 670  12
3133 525  12
2998 673  12
2913 407  13
2908 510  13
2946 604  14
3006 520  14
2964 529  14
2908 546  15
2993 534  15
2885 577  15
3019 513  15
3113 643  16
3121 603  16
3008 775  16
3083 678  16
3050 741  16
3132 583  16
2986 623  17
2940 729  17
3113 529  17
3057 590  17
3026 601  17
2967 636  17
3027 526  18
2991 563  18
2950 510  19
2961 474  19
2952 502  19
2939 543  19
3019 644  19
3045 630  19
3050 562  19
2983 721  20
2990 705  20
3083 592  20
3171 566  20
3121 583  20
3135 577  20
3007 597  20
3001 651  20
3003 649  20
3109 603  21
2974 653  21
3022 625  21
3015 627  21
2994 494  22
2966 591  22
2988 525  22
3001 666  23
3006 623  23
3240 494  23
3072 529  23
3059 550  23
3047 552  23
3008 571  23
3034 554  23
3017 563  23
2993 497  24
3043 492  24
2964 476  25
2954 486  25
2993 453  26
2959 587  26
3118 451  26
2992 476  26
2960 507  26
2984 494  26
2993 666  27
3014 546  27
3000 652  27
3003 566  27
3111 519  27
2967 675  27
3026 703  28
3058 591  28
3079 541  28
3065 551  28
3061 573  28
3043 601  28
3000 519  29
3027 456  29
2947 641  29
2952 555  29
3109 557  30
3115 522  30
2983 615  30
2995 571  30
3024 557  31
3118 523  31
3003 756  31
3023 645  32
3060 640  32
3089 590  32
3278 512  32
3018 668  32
3096 587  32
3032 709  33
3051 646  33
3070 621  33
3073 532  33
3039 759  34
3095 595  34
3161 591  34
3070 607  34
3071 493  35
3029 566  35
3032 603  36
3042 602  36
3158 587  36
3238 546  36
3025 605  36
3129 595  36
3047 560  37
3026 623  37
3059 524  37
3071 448  37
2939 627  39
2969 619  39
2971 590  39
2921 683  39
3094 546  40
3001 612  40
3068 551  40
3030 567  40
3171 524  40
3007 576  40
3109 481  41
2964 513  41
2946 519  41
3048 483  41
3015 585  42
3144 507  42
3053 521  42
3036 559  42
2993 563  43
2986 583  43
3005 462  43
2968 731  43
3008 576  44
3004 656  45
3070 637  45
3087 629  45
3003 789  45
2946 617  46
3008 536  46
2949 598  46
2955 553  46
3062 638  47
3056 644  47
3030 745  47
2920 537  48
3044 524  48
3282 559  49
3164 609  49
3044 662  49
3069 621  49
