2859 713  0
2855 779  0
3045 539  0
2981 545  0
2881 656  0
2939 570  0
2934 342  1
2925 552  1
2915 694  1
2912 943  1
2884 698  1
2885 676  1
2938 634  1
2897 644  1
2899 641  1
2873 723  1
3063 505  3
3055 541  3
2991 565  3
3112 477  3
2915 731  4
2881 801  4
2924 729  4
3058 643  4
3045 647  4
2931 702  4
2897 769  4
3013 662  4
2900 740  4
2960 691  4
2970 682  4
2931 847  4
3059 652  4
2935 810  4
2966 747  4
2964 792  4
3005 528  5
2887 651  5
2927 565  5
2881 652  5
2879 713  5
2992 554  5
2891 669  6
2913 530  6
2906 650  6
2906 698  7
2945 677  7
2868 820  7
2996 646  7
3010 549  8
2931 731  8
2932 660  8
2914 785  8
2869 656  10
2856 674  10
2918 469  10
2907 548  10
2895 559  10
2872 607  10
2941 655  11
2883 680  11
2974 630  11
3003 603  11
2901 735  12
2924 629  12
2946 616  12
3005 563  12
2902 746  13
2990 636  13
2931 672  13
2916 698  13
3029 604  14
2980 607  14
2966 610  14
3035 597  14
2914 683  14
2955 642  14
2909 622  15
2913 585  15
2912 615  15
2901 739  15
2939 575  15
2900 899  15
3001 620  16
2893 745  16
2917 665  16
2902 600  17
2936 598  17
2939 591  17
2889 679  17
2907 582  18
2884 839  18
3044 552  18
3048 515  18
3008 624  19
2916 718  19
2978 649  19
2998 638  19
2938 651  19
3169 620  19
2918 561  19
2881 746  19
2896 619  19
2943 781  20
3092 541  20
2921 822  20
2992 615  20
2977 629  20
2953 769  20
2909 483  21
2919 478  21
2946 469  21
2962 434  21
2916 640  22
2985 618  22
2964 622  22
2950 633  22
2915 644  22
3001 609  22
3012 587  23
2988 628  23
2987 635  23
2908 638  23
3093 574  23
2869 640  23
2824 402  24
2849 391  24
2948 649  25
2886 650  25
2986 647  25
2872 752  26
2904 546  26
3017 531  26
2898 549  26
2892 675  26
2864 813  26
2987 570  27
2946 632  27
2964 591  27
2919 643  27
2983 580  27
2907 700  27
2965 680  28
2922 706  28
2921 773  28
2960 689  28
2918 796  28
2966 658  28
2915 512  29
2860 562  29
2908 524  29
2834 637  30
2953 535  30
2870 569  30
2894 548  30
2901 602  31
2912 597  31
2913 596  31
2928 508  31
2982 507  32
2897 687  32
2908 659  32
2946 508  32
2945 635  32
2896 759  32
2915 547  33
2893 738  33
2880 750  33
2982 534  33
2953 523  34
2863 690  34
2928 729  35
2882 890  35
2927 745  35
2897 753  35
2942 718  35
2952 657  35
2891 673  36
3020 493  36
2972 498  36
2936 507  36
2932 559  36
2899 671  36
2891 567  37
2886 609  37
2882 643  37
2875 644  37
2864 590  39
2902 536  39
2878 549  39
2961 552  40
2900 554  40
2964 531  40
2868 675  40
2888 629  40
2889 622  40
2926 713  41
2880 830  41
2908 766  41
2955 623  41
2952 717  42
2923 740  42
2957 691  42
2964 579  42
2869 641  43
2864 766  43
2916 619  43
2854 506  44
3081 456  44
2923 473  44
2900 495  44
2960 509  45
3057 500  45
2833 659  45
2932 585  45
2887 588  46
2905 562  47
2846 586  47
2927 495  47
2856 509  48
2886 415  48
2867 449  48
2958 735  49
3003 511  49
2981 516  49
2949 763  49
