4093 547  0
4128 535  0
4019 667  0
4059 577  0
4137 500  0
4016 791  0
4083 496  1
3952 538  1
4025 497  1
4022 500  1
4064 507  1
4120 499  1
4137 484  1
4012 534  1
4087 615  3
4082 705  3
4231 506  3
4054 741  3
4150 591  3
4170 536  3
3992 616  4
3920 602  4
3948 597  4
3955 582  4
3912 608  4
3953 957  5
3958 643  5
4090 508  5
4059 526  5
4019 580  5
4007 583  5
3935 643  6
4036 489  6
4034 544  6
4007 560  6
3948 674  7
4039 562  7
4028 587  7
3998 622  7
3997 626  7
3952 628  7
4020 532  8
4284 507  8
4058 528  8
3947 556  8
3997 512  10
4062 482  10
4067 481  10
4032 508  10
3992 537  10
4153 456  10
4070 566  11
4198 517  11
4057 689  11
4031 862  11
4136 737  12
4059 920  12
4119 777  12
4094 869  12
4118 794  12
4168 700  12
4109 802  12
4192 666  12
4107 852  12
4090 514  13
3994 757  13
4300 469  13
4060 523  13
4091 547  14
4086 568  14
4065 670  14
4067 627  14
3982 678  14
4008 674  14
4045 583  15
4207 535  15
3960 729  15
4020 534  16
3955 730  16
4006 569  16
3948 765  16
4008 546  17
3988 681  17
4046 494  17
3952 779  17
3983 773  18
4051 554  18
4012 588  18
4005 693  18
3975 867  18
3987 718  18
3932 943  19
4039 538  19
4025 621  19
3993 622  19
3950 789  19
3930 991  19
4074 546  19
4050 552  19
4087 545  19
3990 577  19
4122 528  19
3989 766  19
3997 732  20
4023 581  20
4054 441  20
3998 692  20
4037 533  21
4002 679  21
4017 568  21
4026 632  22
3965 702  22
4029 544  22
4110 505  22
3993 669  22
4000 650  22
4059 586  23
4105 580  23
4117 534  23
4055 646  23
4052 670  23
3977 806  23
4103 487  24
4042 555  24
4230 452  24
4179 466  24
3985 811  25
4018 451  25
3990 509  25
3992 681  26
4006 589  26
3993 611  26
4046 518  26
4124 552  27
4032 559  27
4202 523  27
4279 502  27
3947 743  27
4238 519  27
4084 540  28
4017 547  28
3965 654  28
4113 518  28
4044 699  29
3937 800  29
3941 720  29
3938 768  29
3925 967  29
4083 674  29
4120 640  30
4085 678  30
4042 680  30
4095 671  30
4177 638  30
4009 804  30
4156 480  31
4049 1061  31
4059 502  31
4054 826  31
3957 626  32
3978 507  32
4015 595  33
4026 485  33
4003 617  33
3972 715  33
3976 712  34
4153 489  34
4096 492  34
4011 624  34
4039 521  34
4014 608  34
3956 713  35
4095 453  35
4000 505  35
3977 599  35
4041 826  36
4045 708  36
4042 822  36
4082 640  36
4093 617  36
4025 851  36
3994 547  37
3972 548  37
3953 607  37
3998 544  37
4068 512  39
3985 518  39
3979 544  39
3938 602  39
4147 502  39
4078 511  39
4058 449  40
4056 480  40
4015 561  40
3964 799  40
4068 429  40
3979 736  40
4036 577  41
4030 584  41
3966 631  41
3901 693  41
4079 553  42
3973 563  42
4199 551  42
3919 642  42
4049 613  43
3962 718  43
4020 652  43
4082 451  43
4050 538  43
4076 507  43
4087 494  44
3955 672  44
3996 546  44
4039 631  45
4207 514  45
4014 944  45
4146 548  45
4021 726  45
4085 609  45
4027 542  46
4004 650  46
3962 1026  46
4120 499  47
4018 542  47
3962 620  48
4061 540  48
3958 621  48
3973 591  48
3948 619  49
4014 531  49
3940 845  49
