3758 676  0
3830 653  0
3751 677  0
3873 601  0
3840 641  0
3993 581  0
3725 673  1
3659 677  1
3748 645  1
3757 686  1
3760 666  1
3701 723  1
3751 698  1
3752 570  3
3704 658  3
3710 795  4
3742 664  4
3738 691  4
3725 780  4
3692 676  4
3723 766  5
3738 760  5
3729 765  5
3747 753  5
3755 732  5
3719 806  5
3709 738  6
3725 696  6
3818 686  6
3705 695  7
3699 711  7
3700 707  7
3695 770  7
3665 525  8
3645 710  8
3704 697  10
3755 692  10
3675 719  10
3689 699  10
3710 697  11
3694 790  11
3650 658  12
3777 528  13
3713 714  13
3814 721  14
3776 745  14
3746 776  14
3895 605  15
3838 678  15
3771 765  15
3736 800  15
3782 695  15
3952 598  15
3723 717  16
3685 730  17
3695 671  17
3656 748  17
3749 700  18
3676 754  18
3716 698  19
3767 660  19
3700 726  19
3713 716  19
3749 700  19
3746 747  19
3767 675  19
3809 624  19
3780 647  19
3769 665  19
3783 751  20
3760 767  20
3754 784  20
3732 546  21
3829 532  21
3665 662  21
3666 635  21
3843 623  22
3828 635  22
3753 680  22
3816 654  22
3793 658  22
3751 686  22
3709 748  23
3725 686  23
3691 760  23
3654 668  24
3698 707  25
3705 671  25
3697 739  25
3755 708  26
3918 662  26
3754 739  26
3730 571  27
3722 661  27
3669 674  27
3748 659  28
3704 664  28
3698 822  28
3828 650  28
3734 811  29
3919 733  29
3908 779  29
3806 790  29
3747 564  30
3721 628  30
3780 587  31
3712 602  31
3614 649  31
3811 605  32
3778 650  32
3715 660  32
3896 584  33
3818 613  33
3816 632  33
3794 807  33
3793 649  34
3772 663  34
3752 763  34
3825 644  34
3910 547  35
3913 536  35
3793 570  35
3826 549  35
3751 650  36
3748 673  36
3803 591  36
3804 589  36
3731 682  37
3796 619  37
3655 714  37
3643 734  39
3727 708  39
3630 736  39
3823 692  39
3717 754  40
3760 625  40
3709 796  40
3718 701  40
3762 625  41
3706 653  41
3877 604  42
3736 627  42
3797 608  42
3726 716  42
3733 844  43
3871 700  43
3851 738  43
3840 745  43
3813 746  43
3792 807  43
3697 708  44
3751 758  45
3754 661  45
3739 806  45
3738 802  46
3756 685  46
3751 706  46
3726 818  46
3687 620  47
3678 777  47
3679 668  47
3752 688  48
3771 650  48
3724 634  49
