4073 610  0
4221 521  0
4188 606  0
4071 671  0
4043 592  1
4092 587  1
4093 566  1
4041 661  1
4210 759  1
4220 611  1
4017 660  3
4089 576  4
4045 738  4
4054 628  4
4189 570  4
4037 490  4
4033 599  4
4027 674  4
4002 682  4
4054 797  5
4269 644  5
4219 681  5
4190 739  5
4104 748  5
4083 793  5
4089 586  6
4055 774  6
4072 780  7
4159 723  7
4399 673  7
4388 686  7
4027 666  8
4181 799  10
4216 759  10
4178 800  10
4124 853  10
4157 826  10
4235 707  10
4068 654  11
4060 695  11
4054 758  11
4092 651  12
4203 636  12
3969 670  12
4512 635  12
4109 629  13
4136 543  13
4070 758  13
4110 694  14
4065 734  14
4089 730  14
4070 731  14
4027 763  14
4115 660  14
4208 517  15
4205 550  15
4140 571  15
4125 693  15
4200 691  16
4224 685  16
4134 733  16
4101 724  17
4218 574  17
4206 617  17
4145 641  17
4098 876  17
4116 684  17
3998 744  18
4135 577  18
4064 655  18
4024 687  18
4114 609  18
3995 763  18
4078 815  19
4229 603  19
4175 708  19
4172 789  19
4108 665  19
4110 569  19
4095 806  19
4222 502  19
4180 530  19
4177 532  19
4030 672  20
4016 750  20
4131 715  21
4244 624  21
4212 663  21
4215 658  21
4117 875  21
4208 685  21
4111 851  22
4319 581  22
4220 609  22
4176 628  22
4124 688  22
4120 764  22
4080 548  23
4036 615  23
4065 612  23
4028 622  23
4244 757  24
4258 618  24
4257 679  24
4252 702  24
4184 888  24
4297 603  24
4073 648  25
4190 616  25
4072 676  25
4119 641  25
4026 681  26
4013 733  26
4368 615  27
4022 643  27
4051 701  28
4186 504  28
4028 761  28
4096 517  28
4188 654  29
4102 650  30
4203 616  30
4074 678  30
4055 689  30
4295 601  30
4021 704  30
4040 563  31
4022 647  31
3947 653  31
4087 584  32
4056 723  32
4150 546  32
4009 658  33
4130 612  33
4123 684  34
4022 690  34
4195 675  34
4015 711  34
3983 532  35
4044 708  36
3985 727  36
4088 713  37
4052 751  37
4221 544  39
4144 700  39
4316 594  40
4013 701  40
4297 624  40
4291 627  40
4093 838  41
4113 688  41
4111 764  41
4182 631  42
4177 669  42
4065 820  43
4196 698  43
4114 701  43
4031 698  44
4000 744  44
4070 696  44
4096 626  44
4048 612  45
4030 748  45
4117 593  45
4118 584  45
4136 554  46
4103 715  46
4074 730  46
4060 725  47
4304 613  47
4188 627  47
4451 604  47
4074 608  48
4131 573  48
4030 730  48
4062 626  48
4015 612  49
4043 536  49
4009 640  49
4017 589  49
4023 555  49
3981 681  49
