4248 1199  0
4247 1204  0
4261 1178  0
4262 1242  1
4279 1239  1
4305 1132  1
4291 1145  1
4261 1230  1
4260 1255  1
4350 1273  3
4308 1286  3
4291 1290  3
4305 1191  4
4394 1322  4
4393 1378  4
4306 1299  5
4324 1247  5
4321 1292  5
4325 1160  6
4322 1260  6
4326 1279  7
4333 1271  7
4185 1185  8
4325 1316  10
4326 1265  10
4333 1360  11
4334 1325  11
4248 1178  12
4310 1155  12
4211 1187  13
4263 1186  13
4192 1214  13
4270 1268  14
4396 1143  14
4333 1145  14
4279 1150  14
4261 1177  15
4248 1189  16
4262 1111  17
4255 1171  17
4228 1232  17
4474 1454  18
4485 1368  18
4373 1193  19
4273 1207  19
4283 1127  19
4274 1136  19
4259 1162  19
4252 1183  19
4351 1294  20
4338 1339  20
4358 1239  20
4361 1285  21
4340 1287  21
4404 1255  22
4401 1293  22
4394 1312  22
4614 1252  22
4337 1297  23
4360 1218  23
4346 1250  23
4382 1278  24
4384 1267  24
4405 1258  24
4342 1280  24
4411 1317  25
4419 1286  25
4413 1307  25
4404 1348  25
4438 1280  25
4443 1267  25
4380 1315  26
4350 1337  26
4288 1207  27
4246 1235  27
4389 1235  28
4341 1258  28
4309 1265  28
4288 1291  28
4333 1332  29
4358 1248  29
4334 1270  29
4319 1287  30
4309 1316  30
4368 1273  30
4398 1259  31
4401 1173  31
4373 1284  31
4237 1133  32
4148 1146  32
4341 1306  33
4347 1253  33
4338 1341  33
4286 1277  34
4305 1272  34
4313 1267  34
4278 1287  34
4236 1213  35
4267 1163  35
4230 1224  35
4275 1242  36
4357 1210  36
4384 1260  37
4417 1308  39
4332 1320  39
4355 1358  40
4408 1296  40
4374 1340  40
4273 1135  41
4271 1236  42
4292 1217  42
4290 1219  42
4263 1278  42
4372 1299  43
4334 1311  43
4295 1317  43
4368 1281  44
4365 1353  44
4437 1236  44
4267 1193  45
4257 1229  45
4288 1189  45
4266 1177  46
4244 1233  46
4375 1254  47
4287 1300  47
4329 1321  48
4377 1260  48
4330 1261  48
4320 1335  48
4355 1238  49
4322 1249  49
