4136 881  0
4200 881  1
4171 904  1
4231 873  1
4143 973  1
4181 1005  1
4174 1080  1
4183 995  1
4191 940  1
4189 948  3
4195 905  3
4214 898  3
4227 879  3
4196 908  4
4218 905  4
4164 982  4
4139 984  4
4162 931  4
4142 1211  4
4140 903  5
4156 844  5
4154 897  5
4135 990  5
4119 862  6
4133 853  6
4117 895  6
4168 921  7
4188 917  7
4212 915  7
4216 909  7
4103 934  8
4160 910  8
4101 978  10
4126 965  10
4098 1011  10
4128 931  10
4309 937  11
4267 943  11
4167 1010  11
4198 965  11
4094 943  12
4088 1015  12
4133 930  12
4120 902  13
4166 801  13
4138 898  13
4158 878  13
4070 984  14
4076 882  15
4165 802  15
4141 805  15
4156 901  16
4298 1006  17
4231 1033  17
4251 1016  17
4174 1048  17
4179 1024  18
4200 921  18
4202 859  18
4192 984  18
4138 991  19
4230 830  19
4147 981  19
4202 917  19
4112 1009  19
4171 902  19
4104 1016  19
4165 946  19
4192 900  19
4143 958  19
4100 795  20
4199 1001  21
4228 995  21
4237 956  21
4186 1068  21
4151 816  22
4232 935  23
4196 951  23
4152 1137  24
4112 1158  24
4328 937  24
4262 961  24
4166 982  24
4194 974  24
4149 928  25
4178 873  25
4203 832  25
4225 946  26
4191 954  26
4200 948  26
4177 1216  26
4331 887  27
4240 896  27
4212 905  27
4148 881  28
4127 935  28
4159 849  28
4114 1074  29
4161 1038  29
4182 984  29
4125 1064  29
4171 961  30
4189 926  30
4167 976  30
4258 861  31
4236 916  31
4228 937  31
4215 958  31
4198 977  31
4204 974  31
4200 975  32
4276 860  32
4256 955  32
4193 1004  32
4112 947  33
4141 880  33
4130 907  33
4102 1009  33
4195 1025  34
4200 901  34
4191 1052  34
4290 877  35
4169 911  35
4164 916  35
4201 862  36
4174 871  36
4211 827  36
4265 856  37
4190 945  37
4248 890  37
4445 795  37
4337 854  37
4236 918  37
4262 1046  39
4194 1079  39
4189 1102  39
4167 1030  40
4192 977  40
4200 976  40
4152 1060  40
4192 976  41
4171 1003  41
4143 899  42
4172 889  42
4126 945  43
4131 938  43
4160 924  43
4121 946  43
4221 884  44
4143 895  44
4123 815  45
4257 923  46
4129 936  46
4126 893  47
4090 910  47
4137 908  48
4147 903  48
4166 945  49
4156 1220  49
