3698 729  0
3758 714  1
3771 709  1
3663 745  1
3751 734  1
3793 716  1
3746 739  1
3675 757  1
3689 759  3
3678 760  3
3759 708  4
3720 802  4
3761 706  4
3733 797  4
3705 767  4
3697 779  5
3703 768  5
3695 744  6
3717 660  6
3723 727  7
3662 734  8
3658 740  8
3713 657  10
3739 650  10
3660 739  10
3646 718  11
3670 752  12
3681 763  13
3749 787  14
3725 791  14
3693 692  15
3700 691  15
3636 693  15
3703 647  15
3662 744  16
3684 766  17
3679 752  18
3684 746  18
3674 756  18
3702 750  19
3663 744  19
3716 776  20
3705 787  20
3663 745  21
3721 667  22
3657 739  22
3771 774  23
3735 817  23
3727 786  24
3709 791  24
3771 726  25
3734 728  25
3719 769  25
3817 756  26
3779 765  26
3828 750  26
3897 742  26
3696 755  27
3692 774  27
3744 819  28
3779 813  28
3742 820  28
3722 783  29
3731 813  30
3733 808  30
3702 783  31
3763 778  32
3722 799  32
3690 765  33
3713 658  33
3705 711  33
3702 753  33
3684 766  33
3691 755  33
3657 731  34
3683 758  35
3681 762  35
3684 749  35
3682 721  36
3734 656  36
3714 772  37
3789 765  37
3713 795  37
3931 760  37
3725 682  39
3719 797  39
3730 789  40
3717 799  40
3719 793  40
3825 781  41
3726 808  41
3734 807  41
3703 774  42
3750 832  43
3783 831  43
3649 725  44
3640 720  45
3686 766  46
3695 696  47
3731 686  48
3697 704  48
3727 753  49
3735 695  49
