4494 839  0
4480 840  0
4452 857  0
4522 893  1
4491 918  1
4472 948  1
4508 914  1
4454 816  1
4439 949  1
4407 816  3
4433 837  4
4442 828  4
4407 838  4
4547 1000  4
4550 957  4
4519 960  5
4522 949  5
4549 899  5
4529 984  6
4390 803  7
4426 761  8
4415 767  8
4467 874  10
4475 824  10
4415 925  10
4529 897  11
4509 924  11
4519 909  11
4488 941  11
4498 901  12
4480 904  12
4449 865  13
4415 888  13
4460 857  14
4459 863  14
4489 851  14
4452 962  14
4513 905  15
4552 903  15
4467 824  16
4507 979  17
4525 765  17
4552 976  18
4566 959  18
4497 912  19
4427 769  19
4514 835  20
4558 815  20
4489 849  20
4553 827  20
4437 844  21
4431 854  21
4419 864  21
4380 816  22
4437 780  22
4391 806  22
4452 908  23
4471 858  23
4467 816  24
4449 848  24
4550 862  25
4502 901  25
4456 902  26
4475 913  27
4531 891  27
4496 989  28
4555 918  28
4560 909  28
4493 1003  28
4521 977  28
4507 981  28
4511 984  29
4514 962  29
4355 816  30
4347 851  30
4505 875  31
4470 891  31
4449 893  31
4519 911  32
4534 892  32
4512 1011  32
4418 823  33
4422 849  34
4427 776  35
4421 812  35
4506 913  36
4506 944  37
4571 928  37
4447 797  39
4449 846  40
4413 858  40
4514 944  41
4485 958  41
4532 939  41
4484 972  41
4515 923  42
4554 843  42
4426 840  43
4399 822  44
4403 777  44
4397 827  44
4394 851  44
4479 814  45
4493 809  45
4440 870  45
4471 844  45
4447 861  46
4467 882  47
4495 873  47
4400 776  48
4433 734  48
4396 785  48
4464 815  49
4456 858  49
4452 864  49
