4213 1176  0
4214 1167  0
4194 1201  0
4140 1207  1
4172 1160  1
4103 1166  1
4228 1133  1
4154 1137  3
4178 1131  3
4145 1159  4
4171 1204  4
4164 1227  4
4274 1196  5
4168 1233  5
4204 1203  5
4194 1229  5
4160 1164  6
4145 1203  6
4194 1212  7
4156 1167  8
4154 1217  8
4193 1141  10
4190 1187  10
4213 1242  11
4221 1226  11
4212 1254  11
4210 1263  11
4253 1198  12
4164 1210  12
4165 1228  13
4270 1289  14
4275 1281  14
4215 1159  15
4196 1160  15
4187 1173  15
4184 1179  15
4154 1208  16
4180 1155  16
4145 1212  16
4254 1279  17
4214 1281  17
4167 1156  18
4162 1226  18
4107 1157  19
4198 1237  19
4238 1166  19
4134 1196  20
4132 1199  20
4122 1125  21
4109 1151  21
4129 1191  22
4153 1185  22
4145 1189  22
4142 1209  23
4137 1173  24
4199 1208  25
4159 1184  26
4153 1199  26
4142 1203  26
4168 1169  26
4212 1237  27
4239 1217  27
4156 1220  28
4215 1217  28
4336 1202  29
4182 1216  29
4190 1199  30
4342 1229  31
4297 1236  31
4293 1277  31
4234 1301  31
4125 1185  32
4180 1194  33
4175 1221  33
4159 1224  33
4341 1265  34
4207 1274  34
4157 1191  35
4216 1283  36
4231 1265  36
4265 1191  37
4201 1221  37
4226 1161  39
4164 1206  39
4154 1151  40
4151 1172  40
4199 1246  41
4195 1262  41
4163 1174  42
4157 1186  42
4172 1134  42
4183 1246  43
4240 1188  43
4315 1224  44
4215 1281  44
4244 1276  44
4139 1197  45
4248 1183  45
4119 1186  46
4122 1175  46
4245 1187  47
4188 1196  47
4183 1217  47
4268 1176  47
4240 1274  48
4255 1268  48
4213 1280  48
4144 1205  49
4139 1206  49
