3199 1019  0
3189 1021  0
3199 1046  1
3237 1044  1
3176 1085  1
3258 1031  1
3229 1063  1
3200 1069  1
3254 1079  3
3269 1059  3
3246 1117  3
3185 1024  4
3189 1016  4
3261 1015  4
3244 1071  4
3200 1091  4
3178 1093  4
3201 1083  5
3221 1056  5
3227 1039  5
3185 1084  5
3260 995  6
3190 999  6
3204 1109  7
3221 1089  7
3246 1078  7
3203 1117  7
3208 954  8
3280 1068  10
3256 1142  10
3228 1123  11
3256 1115  11
3285 1110  11
3161 991  12
3234 971  12
3261 1041  13
3272 1030  13
3236 1049  13
3214 1111  14
3245 1076  14
3339 1049  15
3341 1047  15
3275 1054  15
3351 1043  15
3250 1161  16
3255 1095  16
3188 1044  17
3266 970  17
3230 980  17
3230 1116  18
3237 1088  18
3247 1085  18
3252 1084  18
3266 1026  18
3229 1139  18
3226 1117  19
3260 1046  19
3258 1096  19
3253 1098  19
3217 1132  19
3250 1100  19
3218 1088  19
3261 1120  20
3402 1116  20
3247 1085  21
3295 1055  21
3241 1091  21
3259 1083  21
3194 1039  22
3360 1155  23
3363 1143  23
3383 1136  23
3317 1156  23
3386 1133  23
3288 1192  23
3233 1148  24
3239 1110  24
3270 1107  24
3167 1068  25
3164 1076  25
3283 1012  26
3260 1040  26
3220 1135  26
3214 1119  27
3260 1113  27
3296 1154  28
3279 1157  28
3164 1035  29
3315 949  30
3203 974  30
3275 983  31
3255 1013  31
3183 1022  31
3246 1052  32
3248 1043  32
3222 1124  32
3190 979  33
3178 1084  34
3188 1072  34
3174 1089  34
3288 1098  35
3263 1144  35
3233 1146  35
3160 995  36
3241 1135  37
3270 1042  37
3268 1117  37
3173 1082  39
3172 1087  39
3254 1102  40
3234 1142  40
3241 1113  40
3257 1069  41
3250 1162  41
3214 1053  42
3208 1101  43
3258 1028  43
3257 1057  43
3253 1079  43
3231 1143  44
3285 1043  45
3269 1075  45
3257 1129  45
3242 1152  45
3217 1099  46
3196 1052  47
3226 1020  47
3229 1125  48
3256 1058  48
3247 1079  48
3245 1108  48
3301 1100  49
3288 1107  49
