4488 1645  0
4449 1671  0
4500 1512  0
4353 1607  1
4374 1558  1
4348 1651  1
4392 1522  1
4490 1709  1
4478 1771  1
4470 1791  1
4534 1641  1
4551 1614  1
4676 1592  1
4391 1645  3
4484 1614  3
4408 1503  4
4419 1557  4
4475 1532  4
4401 1612  4
4382 1659  4
4377 1596  5
4496 1574  6
4437 1583  6
4369 1572  7
4412 1687  8
4420 1616  8
4469 1635  10
4440 1767  10
4423 1542  11
4416 1696  11
4465 1519  11
4492 1598  12
4470 1607  12
4433 1653  12
4502 1641  13
4480 1708  13
4458 1724  13
4432 1605  14
4384 1675  14
4341 1486  15
4404 1701  16
4402 1706  16
4408 1544  16
4386 1724  16
4404 1538  17
4335 1525  18
4461 1571  19
4361 1636  19
4396 1619  19
4359 1709  19
4473 1591  19
4423 1713  20
4576 1604  20
4463 1803  21
4473 1745  21
4638 1625  21
4588 1638  21
4558 1678  21
4523 1686  21
4499 1717  21
4506 1697  21
4502 1707  21
4393 1651  22
4498 1618  22
4421 1644  22
4537 1615  22
4402 1640  23
4414 1614  23
4393 1648  23
4386 1656  23
4339 1500  24
4363 1450  24
4321 1605  25
4394 1546  25
4392 1576  25
4414 1525  26
4364 1624  26
4369 1621  26
4374 1590  26
4421 1655  27
4474 1624  27
4416 1667  27
4487 1616  27
4394 1573  28
4444 1503  28
4496 1599  29
4506 1595  29
4450 1667  29
4543 1549  29
4525 1580  29
4494 1624  29
4480 1493  30
4492 1479  30
4607 1474  30
4450 1510  30
4350 1709  31
4379 1629  31
4353 1656  31
4414 1732  32
4457 1585  32
4449 1639  32
4411 1767  32
4423 1669  33
4440 1576  33
4483 1515  34
4439 1528  34
4501 1499  34
4382 1597  34
4340 1470  35
4411 1698  36
4448 1664  36
4396 1747  36
4583 1644  36
4425 1689  37
4539 1599  37
4523 1637  37
4516 1646  37
4424 1671  39
4410 1676  40
4530 1492  40
4498 1583  40
4455 1584  40
4452 1631  40
4424 1651  40
4501 1581  41
4492 1595  41
4445 1756  41
4495 1571  42
4515 1526  42
4398 1572  42
4528 1592  43
4441 1645  43
4508 1605  43
4452 1640  43
4428 1533  44
4418 1539  44
4434 1501  44
4388 1591  44
4464 1510  45
4404 1556  45
4391 1584  46
4394 1559  46
4472 1542  46
4479 1524  46
4378 1570  47
4374 1648  47
4414 1558  47
4377 1535  48
4374 1583  48
4383 1502  48
4385 1452  48
4485 1757  49
4583 1661  49
4518 1698  49
