5255 937  0
5343 592  0
5316 849  0
5311 928  0
5286 907  1
5300 772  1
5274 932  1
5638 1015  1
5313 1132  1
5360 1069  1
5424 1191  3
5446 1061  3
5451 1036  3
5412 1197  3
5328 770  4
5253 819  4
5424 902  4
5358 944  4
5227 841  5
5322 802  5
5223 930  5
5235 806  5
5299 808  6
5251 901  6
5302 695  6
5304 651  6
5286 859  7
5284 861  7
5257 866  7
5237 887  7
5227 1035  7
5233 911  7
5288 875  8
5355 782  8
5364 745  8
5309 787  8
5360 1143  10
5449 1011  10
5438 1052  10
5421 1054  10
5401 1096  10
5400 1103  10
5374 809  11
5409 804  11
5277 833  11
5353 778  12
5305 811  12
5526 806  13
5435 1005  13
5412 1232  13
5266 1120  14
5292 958  14
5322 873  14
5347 857  14
5360 749  15
5335 770  15
5327 783  15
5304 798  15
5284 825  15
5371 728  15
5266 709  16
5353 653  16
5265 747  16
5360 1018  17
5374 896  17
5311 1075  17
5350 1038  17
5361 982  17
5308 1099  17
5425 899  18
5415 976  18
5386 1017  18
5296 623  19
5290 957  19
5288 1001  19
5339 996  19
5347 856  19
5325 1061  19
5378 833  19
5413 924  20
5391 938  20
5366 966  20
5361 972  20
5337 1007  20
5313 1058  20
5291 761  21
5254 802  21
5378 1075  22
5399 861  22
5384 1062  22
5456 860  22
5398 845  23
5370 848  23
5491 870  24
5448 877  24
5443 1024  24
5331 893  25
5238 900  25
5247 894  25
5237 950  25
5368 805  26
5403 782  26
5353 901  26
5235 787  27
5363 1036  28
5364 928  28
5384 837  28
5415 768  28
5360 883  29
5378 798  29
5352 1002  29
5315 912  30
5269 932  30
5252 983  30
5504 1022  31
5505 1017  31
5447 1039  31
5444 1051  31
5345 1094  31
5518 1006  31
5478 1005  32
5436 1032  32
5543 994  32
5430 1075  32
5258 913  33
5284 839  34
5241 901  34
5299 651  35
5295 703  35
5325 898  36
5324 998  36
5315 1127  36
5334 864  36
5259 815  37
5241 933  37
5323 793  39
5362 847  40
5319 1086  40
5340 1047  40
5313 1127  40
5309 883  41
5280 980  41
5314 996  42
5241 1090  42
5567 881  42
5318 985  42
5343 893  42
5293 1035  42
5428 820  43
5386 933  43
5423 877  43
5411 783  44
5270 784  44
5264 849  45
5305 771  45
5297 828  45
5252 774  46
5290 745  46
5310 959  47
5373 930  47
5375 879  47
5371 936  47
5259 924  48
5245 972  48
5325 830  49
5507 804  49
5473 812  49
5276 876  49
5395 818  49
5442 814  49
