4955 204  0
4983 168  0
4919 645  0
5057 157  0
4872 433  1
4923 360  1
4874 475  1
4945 335  1
4902 436  1
4923 596  3
5138 446  3
5113 456  3
5108 468  3
5064 506  3
5043 531  3
4989 382  4
4959 408  4
4954 442  4
4923 450  4
4899 555  4
4955 476  4
4920 508  4
4887 605  4
4883 216  5
4905 181  5
4896 186  5
4940 163  5
4946 353  6
4811 467  6
4893 375  6
4920 329  7
4894 512  7
5004 330  8
4975 374  8
4948 421  8
5193 314  8
5019 394  10
4894 554  10
5149 290  10
5111 310  10
5063 353  10
5089 318  10
4940 623  11
5078 402  11
5120 351  11
4958 414  11
4833 306  12
4946 614  13
5037 277  13
4969 288  13
4874 474  14
4902 343  14
4915 172  15
4909 181  15
4899 275  15
4897 299  15
4876 335  15
4872 341  15
4936 597  16
5139 413  16
4956 421  16
4948 537  16
4966 474  17
4954 578  17
4964 537  17
5002 439  17
4956 572  17
5023 358  17
4853 440  18
4898 324  18
4894 347  18
4913 409  19
4934 328  19
4900 468  19
4926 404  19
4941 304  19
4891 582  19
4905 518  20
4889 614  20
5049 264  20
5040 327  20
5012 330  20
4916 386  20
5078 346  21
5024 352  21
5006 387  21
4991 445  21
4898 98  22
4952 65  22
4867 240  22
4942 354  23
4960 308  23
4889 361  23
4872 460  24
4908 369  24
4891 421  24
4878 423  24
4944 604  25
5238 401  25
5062 468  25
5042 485  25
5004 498  25
5000 507  25
4837 288  26
4851 247  26
4860 184  26
4826 389  26
4836 323  26
4830 337  26
4796 252  27
4768 455  27
5092 356  28
4992 384  28
4928 596  28
5019 473  29
5047 397  29
4941 524  29
4857 448  30
4917 290  30
4898 300  30
4886 368  30
4856 478  30
4950 258  30
5051 206  31
4968 367  31
5030 323  31
4908 374  32
4962 257  33
4950 436  33
4897 473  33
5032 585  34
5045 434  34
4955 587  34
5050 401  34
5137 393  34
5168 365  34
4896 116  35
4874 132  35
4960 93  35
4868 246  35
5037 316  36
5145 256  36
4902 363  36
5033 338  37
4964 459  37
4956 479  37
4940 487  37
4942 175  39
4935 192  39
4989 124  39
4863 253  39
4987 378  40
5006 337  40
5077 310  40
5117 267  40
4984 508  41
5127 269  41
5126 379  41
5087 431  41
5027 482  41
4970 581  41
4942 488  42
4972 421  42
4907 511  42
5239 360  42
4907 461  43
4956 366  43
4919 376  43
4884 521  43
4881 545  44
4944 441  44
4983 345  44
4903 541  44
4947 357  45
4925 416  45
4874 509  45
4868 535  45
4907 485  46
4954 319  46
4918 378  46
4905 332  47
5000 272  47
4936 284  47
4904 563  47
4906 416  48
4983 365  48
4842 507  49
4930 334  49
4934 270  49
