4337 183  0
4322 210  0
4339 33  0
4445 168  1
4426 170  1
4337 187  1
4482 149  1
4333 182  1
4336 171  1
4327 191  1
4337 148  1
4407 42  3
4612 0  3
4510 3  3
4361 120  3
4415 25  3
4383 80  3
4399 165  4
4374 194  4
4370 253  4
4389 173  4
4325 302  4
4359 274  4
4500 173  4
4354 207  4
4409 190  4
4387 200  4
4363 126  5
4372 98  5
4293 226  5
4402 81  5
4361 145  5
4506 56  5
4371 85  6
4365 152  6
4417 70  6
4350 206  6
4359 164  6
4509 49  6
4328 181  7
4377 146  7
4323 240  7
4445 81  7
4322 119  8
4355 118  8
4362 80  8
4366 90  10
4336 139  10
4332 221  11
4302 253  11
4443 152  11
4408 181  11
4352 216  12
4366 210  12
4402 184  12
4351 252  12
4405 171  12
4478 112  12
4343 136  13
4473 42  13
4439 53  13
4421 64  13
4404 68  13
4394 122  13
4362 33  14
4382 29  14
4307 49  14
4331 34  14
4345 176  15
4339 321  15
4408 85  15
4377 101  15
4318 42  16
4294 65  16
4293 132  16
4353 32  16
4333 138  17
4338 97  17
4340 39  17
4309 176  17
4401 111  18
4357 354  18
4486 75  18
4370 258  18
4435 91  18
4505 69  18
4263 223  19
4410 90  19
4405 97  19
4334 111  19
4311 127  19
4305 141  19
4377 51  19
4362 57  19
4449 38  19
4617 37  19
4343 90  20
4306 184  20
4292 149  21
4300 119  21
4356 65  21
4306 100  21
4323 95  21
4245 171  21
4325 156  22
4338 149  22
4343 124  22
4308 304  22
4283 81  23
4282 89  23
4277 113  23
4309 77  24
4334 54  24
4426 50  24
4302 170  24
4414 157  25
4383 218  25
4404 201  25
4412 160  25
4367 224  25
4460 153  25
4473 150  25
4518 141  25
4365 256  25
4344 46  26
4339 70  26
4309 250  27
4442 87  27
4419 109  27
4353 117  27
4350 130  27
4311 230  27
4441 168  28
4403 169  28
4371 204  28
4304 282  28
4362 244  28
4444 140  28
4370 86  29
4319 101  29
4331 100  29
4458 148  30
4399 180  30
4375 296  30
4505 99  31
4476 141  31
4454 184  31
4440 202  31
4299 128  32
4366 127  32
4440 83  32
4380 120  32
4431 103  32
4404 115  32
4389 232  33
4364 333  33
4384 280  33
4414 158  34
4407 187  34
4425 148  34
4569 121  34
4339 313  34
4457 129  34
4347 44  35
4298 158  35
4475 95  36
4294 115  36
4411 96  37
4362 230  37
4335 95  39
4410 67  39
4334 326  39
4418 113  40
4409 190  40
4398 199  40
4316 201  40
4436 162  41
4351 196  41
4480 132  41
4342 240  41
4335 170  42
4334 193  42
4326 230  42
4308 359  42
4392 125  43
4291 197  43
4371 127  43
4292 172  43
4370 32  44
4379 0  44
4286 39  44
4344 172  45
4323 258  45
4376 148  45
4452 95  45
4388 133  45
4427 125  45
4303 83  46
4383 76  46
4299 146  47
4324 145  47
4377 86  47
4365 95  47
4385 105  48
4382 151  48
4354 202  48
4381 197  49
4415 154  49
4423 135  49
4448 126  49
4344 307  49
4366 208  49
