4882 480  0
4990 437  0
5001 375  0
5018 285  0
4940 440  0
4880 525  0
4841 413  1
4769 486  1
4789 424  1
4843 256  1
4796 406  1
5010 248  1
4934 259  3
4867 265  3
4858 294  3
4836 442  3
4932 348  4
4935 269  4
4939 258  4
4853 539  4
5022 210  4
4858 398  4
4843 330  4
4845 301  4
4800 332  4
4870 247  4
4754 458  4
4871 244  4
4758 117  5
4748 269  5
4715 352  5
4746 302  5
4843 179  6
4797 420  6
4821 297  6
4798 416  6
5007 245  7
4820 428  7
4985 287  7
4974 366  7
4959 408  7
4911 414  7
4869 607  8
5257 371  8
5247 374  8
5000 377  8
4958 432  8
4885 522  8
4850 302  10
4845 488  10
4884 187  10
5024 244  11
5010 392  11
5002 429  11
5022 255  11
5166 204  11
4918 436  11
4727 485  12
4979 291  12
4898 312  12
4790 327  12
4757 348  13
4795 205  13
4756 409  13
4759 406  14
4853 376  14
4799 325  15
4791 364  15
4953 305  15
4804 337  16
4939 289  16
4826 309  16
4852 299  16
4833 571  17
4837 379  17
4764 484  18
4791 362  18
4790 439  18
4804 465  19
4851 360  19
4854 350  19
4883 348  19
4929 306  19
4963 228  19
4773 491  19
4867 330  19
4858 340  19
4856 351  19
4836 388  19
4779 390  19
4772 268  20
4771 321  20
4878 235  20
4742 473  20
4862 298  21
4833 464  21
4842 201  22
4701 433  22
4769 284  22
4806 317  23
4811 246  23
4934 251  24
4924 270  24
4894 399  24
4884 414  24
4964 327  25
4990 295  25
5005 288  25
4958 346  25
4942 368  25
5063 287  25
4836 236  26
4793 256  26
4754 311  26
4817 202  27
4795 452  27
4847 181  27
4865 156  27
4912 287  28
4910 362  28
4825 401  28
4893 383  29
4889 398  29
5215 373  29
4770 282  30
4745 330  30
4792 242  30
4873 356  31
4880 272  31
4907 265  31
4928 202  31
4830 496  31
4915 227  31
4696 216  32
4680 248  32
5298 354  33
4854 509  33
4952 357  33
4931 419  33
4911 422  33
4888 424  33
4742 406  34
4804 396  34
4900 327  34
4708 434  34
4880 363  34
4883 331  34
4803 317  35
4861 246  35
5095 209  35
4990 324  36
4807 462  36
4849 379  36
4910 340  36
5016 294  36
4773 493  36
4890 435  37
4770 523  37
4871 467  37
4905 399  37
4931 350  37
4914 360  37
4868 271  39
4852 424  39
4769 225  40
4754 390  40
4752 409  40
4731 252  41
4828 211  41
4802 222  41
4847 380  42
4810 402  42
4841 371  43
4839 440  43
5098 351  43
4753 512  43
4693 377  44
4651 388  44
4759 320  44
4738 360  44
4875 397  45
4957 369  45
4836 509  45
5035 334  45
4866 212  46
4830 226  46
4801 240  46
4884 210  46
4823 245  47
4815 259  47
4768 325  47
4818 445  48
4828 321  48
4864 431  49
4849 466  49
4846 476  49
4935 277  49
4820 495  49
4819 565  49
