5469 1048  0
5504 1038  0
5520 1031  0
5366 941  1
5384 928  1
5497 1027  1
5485 1056  1
5476 1058  1
5429 997  3
5502 1088  4
5372 946  4
5503 1079  5
5535 1072  5
5497 1080  5
5390 972  6
5511 1097  7
5370 951  8
5430 1016  10
5435 1012  10
5407 929  11
5362 945  11
5389 975  12
5464 1039  13
5375 961  14
5462 1019  15
5478 1011  15
5448 1033  15
5392 957  16
5482 1063  17
5478 1064  17
5489 1029  17
5411 978  18
5400 986  18
5499 1082  19
5389 971  19
5441 1004  20
5465 994  20
5466 992  20
5437 1007  20
5396 982  21
5469 1053  22
5383 969  23
5452 959  24
5416 999  24
5356 939  25
5407 986  26
5347 933  27
5472 1006  28
5455 1031  28
5437 1004  29
5399 981  30
5420 1006  31
5509 1095  32
5428 1014  33
5469 1039  34
5497 1030  35
5443 1027  36
5367 953  37
5407 929  39
5481 1049  40
5542 1042  40
5411 995  41
5382 966  42
5400 949  42
5396 965  42
5454 986  43
5435 995  43
5414 999  44
5428 977  45
5416 1002  45
5423 997  46
5426 985  46
5452 1032  47
5369 952  48
5438 1022  49
5446 1017  49
