4888 674  0
4993 667  0
4991 677  1
4994 674  1
4922 704  1
4928 681  1
4902 705  1
4917 622  1
4913 628  1
4929 620  3
4861 646  3
4932 619  3
4855 657  3
4939 575  4
4887 660  4
4890 670  4
5023 575  4
4950 613  4
4886 687  4
4929 685  5
4962 589  5
4943 599  5
4940 636  5
4891 598  6
4893 580  6
4865 670  6
4864 677  7
4895 612  7
4840 587  8
4935 652  10
4918 656  10
4899 713  10
4912 696  11
4922 664  11
4895 700  11
4879 592  12
4876 623  12
5005 587  13
4974 628  13
4923 638  13
4871 608  14
4855 649  14
4854 661  14
4927 562  14
4980 654  15
4908 715  15
4983 546  16
4971 599  16
4926 705  16
4938 696  16
4890 631  17
4922 617  17
4878 668  17
4865 673  17
4907 610  18
4829 644  18
5062 631  19
4904 677  19
5064 605  19
4898 712  19
4957 700  19
4972 568  19
4964 695  19
4956 710  19
4846 633  20
4850 567  20
4840 643  20
4885 652  21
4895 629  21
4872 673  21
4972 585  22
5044 575  22
4894 614  22
4878 685  22
4968 666  23
4943 756  23
4929 665  24
4910 666  24
4935 563  24
4889 523  25
4880 639  26
4895 628  26
4885 602  27
4867 621  27
4876 683  28
5113 677  28
4965 715  29
4938 757  29
5041 694  29
5128 607  29
5083 688  29
4942 749  29
4998 686  30
5052 668  30
5100 664  30
4955 719  30
4872 688  31
4928 658  31
4925 678  31
4916 679  31
4967 726  32
4954 739  32
4940 751  32
4907 631  33
4955 611  33
4954 622  33
4938 626  33
4860 539  34
4869 536  34
4966 465  34
4854 575  34
4862 601  35
4873 489  35
4863 547  35
4884 664  36
4899 655  36
4900 594  36
4961 505  36
4862 667  37
4947 665  37
4855 669  37
5104 640  37
5069 628  39
5031 645  39
5002 654  39
4947 718  39
4981 660  39
4971 667  39
4918 686  40
4962 677  40
4917 721  40
5002 674  41
4988 694  41
4952 712  41
5021 642  41
4996 612  42
4919 684  42
4939 720  43
4926 645  44
5036 605  44
4920 721  44
4913 625  45
4924 624  45
4893 662  45
4964 412  45
4909 610  46
4956 684  47
4981 659  47
4913 723  47
4972 704  48
4944 713  48
4928 726  48
4992 694  48
4962 678  49
5053 664  49
4934 753  49
5060 652  49
