5406 1772  0
5400 1817  0
5364 1776  1
5387 1767  1
5376 1795  1
5233 1640  3
5230 1649  3
5390 1809  4
5383 1795  4
5407 1705  5
5338 1729  5
5360 1739  6
5355 1766  6
5453 1855  7
5473 1851  7
5482 1838  8
5450 1869  8
5345 1707  10
5417 1689  10
5323 1742  10
5332 1739  11
5456 1743  12
5375 1794  12
5377 1778  12
5376 1784  12
5375 1782  13
5406 1787  14
5322 1727  15
5355 1774  16
5266 1685  17
5307 1724  18
5377 1776  19
5420 1839  19
5444 1863  20
5354 1770  21
5358 1751  22
5356 1775  22
5383 1802  23
5327 1743  24
5433 1839  25
5446 1824  25
5340 1747  26
5348 1737  26
5424 1843  27
5453 1829  28
5587 1827  28
5426 1844  28
5619 1798  28
5345 1728  29
5328 1747  29
5345 1752  30
5405 1808  31
5537 1906  32
5505 1923  32
5500 1887  33
5490 1908  33
5342 1758  34
5382 1797  35
5379 1798  35
5464 1871  36
5366 1770  37
5448 1867  39
5373 1767  40
5365 1780  40
5361 1778  41
5391 1809  42
5442 1802  42
5355 1774  43
5374 1793  44
5367 1784  45
5480 1894  46
5502 1866  46
5476 1763  47
5381 1790  47
5466 1876  48
5350 1751  49
