4326 914  0
4297 916  0
4272 921  0
4203 931  0
4235 874  1
4194 936  1
4253 1118  1
4261 985  1
4250 1143  1
4218 924  3
4304 887  3
4285 944  4
4289 1114  4
4293 1079  4
4770 885  4
4323 909  4
4353 1005  5
4306 1009  5
4399 964  5
4292 1043  5
4250 1654  6
4292 929  6
4291 997  6
4289 1003  6
4341 905  7
4228 906  7
4359 897  8
4283 924  8
4217 945  8
4188 950  8
4232 874  10
4228 968  10
4308 961  11
4433 914  11
4288 974  11
4254 976  11
4333 947  12
4261 990  12
4312 953  12
4271 969  12
4173 1374  13
4320 985  13
4254 1024  13
4251 1047  13
4248 1129  13
4226 1299  13
4271 965  14
4288 897  14
4332 878  14
4253 1007  14
4301 966  15
4298 1005  15
4262 1028  15
4253 1141  15
4226 1204  15
4340 858  15
4198 1027  16
4220 987  16
4137 803  17
4317 876  18
4315 880  18
4211 964  18
4239 884  18
4285 927  19
4278 1021  19
4226 1033  19
4340 910  19
4253 933  19
4232 1038  19
4274 802  20
4242 900  20
4244 919  21
4211 954  21
4210 1214  22
4235 986  22
4294 984  22
4215 939  23
4211 1027  23
4242 1000  24
4256 954  24
4252 995  24
4249 997  24
4170 996  25
4194 923  25
4393 906  25
4158 902  26
4302 906  27
4265 867  28
4259 1012  28
4256 975  29
4324 971  29
4236 977  29
4381 917  29
4191 958  30
4292 929  30
4220 933  30
4241 1032  31
4341 954  31
4308 965  31
4271 975  31
4303 973  32
4173 979  32
4152 870  33
4187 1083  34
4251 901  34
4225 949  34
4202 1055  34
4188 910  35
4190 941  36
4165 1022  36
4228 906  36
4179 913  37
4310 963  39
4304 1017  39
4264 1089  39
4275 938  40
4409 925  40
4317 932  40
4247 1099  40
4290 912  41
4280 927  41
4230 979  42
4269 927  42
4316 923  42
4360 896  42
4217 1059  42
4440 868  42
4329 1002  43
4268 1033  43
4440 993  43
4637 984  43
4186 940  44
4221 904  44
4255 932  45
4246 947  45
4226 951  45
4285 906  45
4172 866  46
4330 819  46
4222 835  46
4219 855  46
4354 1003  47
4384 976  47
4424 937  47
4273 1014  47
4301 1030  48
4243 1166  48
4364 1008  48
4259 1069  48
4290 842  49
4242 959  49
4243 878  49
4230 1030  49
