4952 1083  0
4968 994  0
4989 832  0
4930 1169  0
4866 1115  1
4862 1120  1
4903 1105  1
4857 1075  1
4885 1062  1
4954 1155  3
4959 1141  3
4949 1225  3
5001 1228  4
4996 1268  4
5014 1205  4
4994 1272  4
4996 1174  4
4980 1195  4
4959 1202  4
5013 1085  5
4932 1132  5
4955 1132  6
4916 1163  7
4993 1123  7
4974 1145  7
4991 1139  7
4916 1076  8
4939 997  8
4899 1083  8
4881 1111  8
5006 1163  10
4972 1214  10
4891 1030  11
5140 1026  11
4882 1164  11
5142 1021  11
4953 1096  12
5068 936  12
5004 944  12
4950 1166  12
4948 1222  13
4986 1171  13
4983 1195  13
4957 1206  13
4993 1121  14
4967 1130  14
4965 1148  14
4954 1153  14
4865 1089  15
4888 1080  15
4953 1033  16
4985 987  16
4964 1028  16
4926 1108  17
4975 1165  18
5004 1052  18
4988 1149  18
4982 1155  18
4899 1139  19
4978 1095  19
4965 1130  19
4896 1163  19
4966 1206  19
4947 1215  19
5150 1087  20
5156 1083  20
4952 1092  20
5039 1202  21
4978 1220  21
5270 1158  21
5097 1183  21
5040 1191  21
5030 1214  21
4936 1170  22
4941 1136  22
4952 1134  22
4933 1173  22
4919 1175  22
4910 1182  22
4924 1132  23
4947 1091  24
5019 1088  24
4915 1156  24
4997 1086  25
4944 1134  25
4991 1128  25
4937 1138  25
4897 1070  26
4896 1098  26
4866 1106  26
4904 1036  26
4982 1164  27
4949 1178  27
4904 969  28
4887 1056  28
5030 1068  29
5065 1050  29
4910 1099  29
4954 1132  30
4941 1144  30
5110 1042  30
4908 1147  30
5047 1058  31
4929 1134  31
4956 1072  31
5055 1050  31
4953 1111  31
4937 1124  31
4819 1069  32
4982 1119  33
5043 864  33
5035 957  33
5022 962  33
5017 976  33
4998 986  33
4916 1104  34
4903 1091  35
4981 1023  35
4922 1070  35
4963 1061  35
4898 1131  35
5049 1000  35
4930 1180  36
4904 1085  37
4900 1099  37
4886 1125  37
5034 1139  39
5102 1115  39
5003 1172  39
5001 1198  39
4924 1194  40
4933 1141  40
4904 1056  41
4964 1041  41
4973 1147  42
4950 1172  42
4978 1115  42
4911 1181  42
4934 1206  43
4946 1194  43
4954 1110  43
4944 988  44
4873 1042  44
4871 1122  44
5011 1180  45
5041 1159  45
5057 1123  45
5068 1082  45
4995 1242  46
5018 1196  46
5010 1227  46
5000 1237  46
4965 1095  47
4924 1100  47
4984 1076  47
5035 1047  48
5017 1109  48
4988 1160  48
4955 1172  48
4960 1018  49
4936 1083  49
