5480 644  0
5328 663  0
5351 599  1
5470 649  1
5467 650  1
5443 666  1
5420 686  1
5408 717  1
5569 637  1
5538 764  3
5527 777  3
5622 693  3
5383 782  3
5454 732  4
5492 725  4
5521 717  4
5572 715  4
5436 633  4
5364 687  4
5371 684  5
5447 640  5
5432 672  5
5536 644  6
5595 638  6
5395 665  6
5459 681  7
5417 683  7
5413 845  7
5415 807  7
5397 718  8
5473 685  8
5459 712  8
5390 798  8
5456 779  10
5476 619  10
5405 758  11
5435 706  11
5486 596  11
5472 711  12
5421 794  12
5463 684  13
5466 604  13
5459 729  13
5325 707  14
5539 658  15
5647 649  15
5448 709  15
5413 739  16
5424 649  16
5475 549  16
5519 800  17
5440 808  17
5521 747  17
5585 681  17
5583 718  17
5530 743  17
5477 693  18
5438 707  18
5406 721  18
5653 656  18
5432 779  19
5440 720  19
5448 705  19
5511 700  19
5429 821  19
5521 694  19
5342 737  19
5337 770  19
5361 643  19
5358 675  19
5502 790  20
5507 752  20
5523 696  20
5495 902  20
5382 661  21
5405 641  21
5526 637  21
5373 668  21
5418 714  22
5504 680  23
5443 753  23
5464 711  23
5617 678  23
5515 754  24
5495 769  24
5459 792  24
5522 704  24
5373 647  25
5372 669  25
5379 626  25
5317 723  25
5607 740  26
5601 767  26
5582 783  26
5546 822  26
5448 808  27
5478 698  27
5465 800  27
5464 803  27
5472 762  27
5466 788  27
5424 646  28
5419 860  28
5431 820  29
5429 854  29
5433 598  29
5384 710  30
5421 689  30
5470 667  30
5362 742  30
5338 772  31
5378 694  31
5337 720  32
5367 712  32
5371 575  32
5332 722  32
5410 700  33
5537 694  33
5554 713  34
5464 723  34
5466 715  34
5569 604  34
5424 670  35
5438 589  35
5388 697  35
5294 718  36
5450 585  36
5369 604  36
5344 648  36
5404 752  37
5435 743  37
5464 732  37
5480 702  37
5485 723  39
5400 800  39
5460 784  39
5533 695  39
5509 613  40
5525 570  40
5439 749  40
5386 798  41
5415 709  41
5418 674  41
5456 669  41
5546 711  42
5545 722  42
5535 736  42
5512 759  42
5469 802  42
5600 697  42
5448 758  43
5498 653  43
5486 666  43
5423 828  43
5470 645  44
5417 660  44
5408 673  45
5427 661  45
5479 632  45
5393 736  45
5352 678  46
5374 572  46
5556 569  47
5482 620  47
5389 667  48
5408 665  48
5409 631  48
5342 562  49
5398 533  49
5276 580  49
