6181 1210  0
6232 1110  0
6264 1179  1
6209 1274  1
6253 1224  1
6204 1327  1
6168 1163  1
6169 1144  1
6142 879  3
6128 931  3
6194 1198  4
6227 1115  4
6350 1049  4
6291 1097  4
6193 1086  4
6234 1179  5
6260 1131  5
6233 1317  5
6225 1126  6
6247 1072  6
6202 1248  6
6295 1022  7
6284 1053  7
6271 1304  7
6318 987  8
6270 1004  8
6327 957  8
6225 1200  10
6188 1243  11
6298 1060  12
6267 1111  12
6286 1021  13
6238 1193  13
6235 1222  14
6273 1127  14
6174 1352  14
6157 1159  15
6346 1144  15
6288 1079  16
6263 1082  16
6308 969  16
6257 1173  16
6230 1048  17
6238 1034  17
6225 1090  17
6120 998  18
6113 1189  18
6171 948  18
6133 968  19
6218 1030  19
6260 866  19
6205 1226  20
6194 1232  20
6129 1236  20
6220 1203  20
6254 939  21
6174 1098  21
6170 1046  22
6269 1013  22
6266 810  23
6228 1114  23
6262 827  23
6253 909  23
6128 1143  24
6125 1288  24
6320 1304  25
6272 1434  25
6309 1355  25
6326 1260  25
6170 1135  26
6337 1002  26
6161 1231  26
6256 1125  26
6248 1226  27
6291 1222  27
6348 1201  27
6435 1187  27
6221 1363  27
6235 1292  27
6194 983  28
6366 981  28
6169 1066  28
6242 1024  29
6208 1116  29
6212 1043  29
6253 950  29
6205 1120  29
6273 916  29
6217 1301  30
6185 1431  30
6331 1147  30
6255 1244  30
6268 1146  31
6258 1158  31
6277 1021  31
6245 1236  31
6232 1284  32
6351 1161  32
6339 1177  32
6261 1222  32
6252 1232  33
6522 1177  33
6208 1149  34
6355 895  35
6296 924  35
6183 1051  35
6290 958  35
6283 974  35
6266 977  35
6182 1175  36
6177 1243  36
6352 1083  36
6216 1104  36
6253 1224  37
6213 1276  37
6119 1153  39
6314 1061  39
6280 1136  39
6224 1144  39
6241 1183  40
6222 1315  40
6176 920  41
6165 1034  41
6104 1081  41
6128 1052  42
6146 993  42
6196 1213  43
6379 1151  43
6396 1142  43
6316 1152  43
6205 1066  44
6196 1129  44
6282 1101  45
6163 1121  45
6175 1064  46
6151 1079  46
6198 1039  46
6777 1168  47
6211 1178  47
6317 1174  47
6243 937  48
6236 1038  48
6179 1041  48
6247 1221  49
6273 860  49
6257 1201  49
