6490 1582  0
6504 1542  0
6507 1524  0
6538 1514  0
6423 1607  0
6431 1593  0
6457 1566  1
6654 1487  1
6663 1477  1
6556 1524  1
6512 1536  1
6436 1635  1
6569 1412  1
6559 1419  1
6556 1471  1
6467 1484  1
6370 1617  3
6412 1450  3
6449 1449  3
6394 1483  3
6464 1532  4
6517 1432  4
6520 1426  4
6444 1553  4
6361 1570  4
6331 1686  4
6403 1528  4
6472 1508  4
6405 1492  5
6512 1474  5
6512 1584  6
6501 1932  6
6519 1483  7
6541 1477  7
6475 1488  7
6420 1494  7
6329 1386  8
6346 1206  8
6289 1526  8
6297 1481  8
6412 1475  10
6385 1639  10
6655 1554  11
6478 1636  11
6505 1593  11
6435 1726  11
6604 1581  12
6513 1602  12
6410 1632  12
6456 1556  13
6426 1697  13
6354 1531  14
6499 1512  15
6495 1517  15
6479 1560  15
6548 1598  16
6429 1650  16
6470 1640  16
6521 1383  17
6495 1387  17
6471 1495  17
6443 1550  17
6359 1564  18
6373 1547  18
6380 1381  18
6401 1344  18
6392 1477  19
6424 1461  19
6413 1509  19
6429 1392  19
6448 1338  19
6412 1542  19
6522 1556  20
6430 1562  20
6564 1543  20
6584 1446  20
6372 1574  21
6456 1508  21
6372 1585  22
6463 1427  22
6459 1481  22
6437 1485  22
6424 1491  22
6402 1562  22
6458 1600  23
6552 1592  23
6424 1734  23
6560 1590  23
6567 1586  24
6369 1657  24
6619 1577  24
6791 1573  24
6460 1510  25
6467 1453  25
6470 1450  25
6513 1439  25
6356 1541  25
6573 1422  25
6523 1598  26
6457 1655  26
6459 1620  26
6528 1561  26
6482 1533  27
6452 1566  28
6504 1515  28
6396 1597  28
6451 1431  29
6442 1473  29
6427 1593  29
6423 1594  29
6461 1418  29
6641 1417  29
6427 1316  30
6397 1451  30
6381 1469  30
6350 1568  30
6340 1809  30
6480 1236  30
6371 1531  31
6534 1413  31
6525 1424  31
6496 1451  31
6544 1436  32
6472 1481  32
6437 1790  32
6453 1680  32
6563 1462  33
6583 1436  33
6400 1778  33
6467 1763  33
6470 1679  33
6591 1421  33
6534 1604  34
6558 1591  34
6489 1640  34
6407 1452  35
6427 1362  36
6419 1443  36
6401 1483  36
6408 1507  37
6379 1516  37
6461 1494  37
6476 1461  37
6372 1613  37
6378 1545  37
6438 1574  39
6454 1432  39
6424 1617  39
6362 1572  40
6450 1480  40
6373 1455  41
6365 1535  41
6386 1535  42
6587 1522  43
6563 1736  43
6407 1767  43
6387 1360  44
6377 1310  45
6505 1580  46
6435 1744  46
6481 1663  46
6511 1505  46
6427 1486  47
6413 1615  47
6468 1772  48
6592 1598  48
6454 1808  48
6477 1641  48
6539 1539  49
6355 1595  49
6486 1548  49
6530 1544  49
