5263 1499  0
5450 1705  1
5496 1547  1
5466 1562  1
5451 1697  1
5235 1439  1
5167 1368  3
5149 1394  3
5177 1410  4
5447 1447  4
5286 1473  4
5494 1438  4
5390 1453  4
5194 1446  5
5301 1504  6
5385 1395  6
5280 1505  6
5333 1438  6
5304 1400  7
5274 1496  8
5217 1450  10
5399 1565  11
5367 1570  11
5345 1450  12
5328 1496  12
5206 1450  13
5292 1448  13
5267 1290  14
5328 1512  15
5317 1573  15
5311 1464  16
5321 1434  16
5372 1422  16
5298 1528  16
5330 1526  17
5332 1513  17
5202 1446  18
5242 1457  19
5251 1440  19
5323 1504  19
5366 1490  19
5293 1505  19
5267 1510  20
5298 1502  20
5351 1527  21
5267 1448  22
5314 1429  22
5259 1481  22
5159 1417  23
5193 1357  23
5274 1441  24
5298 1514  25
5292 1515  25
5305 1498  25
5327 1445  25
5363 1605  26
5401 1588  26
5500 1505  27
5370 1591  27
5414 1545  27
5412 1549  27
5168 1356  28
5237 1464  29
5248 1458  29
5278 1444  29
5217 1473  29
5288 1513  30
5295 1509  30
5320 1498  30
5375 1458  30
5264 1518  30
5283 1514  30
5359 1463  31
5285 1508  31
5273 1529  31
5436 1452  32
5389 1453  32
5377 1601  32
5443 1434  32
5353 1514  33
5459 1401  33
5377 1476  33
5349 1559  33
5234 1417  34
5227 1438  34
5291 1425  35
5286 1425  36
5223 1467  36
5312 1414  37
5279 1449  39
5291 1379  39
5353 1260  40
5333 1513  40
5284 1528  40
5293 1490  41
5393 1473  41
5361 1476  41
5291 1420  42
5327 1410  42
5283 1538  42
5397 1510  43
5404 1465  43
5292 1514  43
5183 1395  44
5196 1388  44
5407 1660  45
5410 1615  45
5419 1611  45
5468 1584  45
5284 1530  46
5283 1534  46
5244 1403  47
5282 1385  47
5300 1378  47
5219 1475  47
5266 1442  48
5212 1385  49
