5834 787  0
5777 789  0
5839 765  0
5760 832  0
5770 752  1
5819 746  1
5753 760  1
5728 833  1
5728 821  1
5810 719  3
5755 882  3
5738 819  4
5838 771  4
5728 824  4
5734 820  4
5737 758  4
5761 807  5
5728 812  5
5728 855  6
5734 749  6
5763 698  6
5831 844  7
5864 818  7
6022 816  7
5797 854  7
5798 848  8
5897 834  8
5794 906  8
5850 835  8
5769 757  10
5802 704  10
5743 793  10
5738 870  11
5817 694  12
5744 816  12
5800 766  12
5797 782  12
5728 805  13
5859 785  13
5830 833  14
5797 885  14
5798 849  14
5963 774  14
5895 811  14
5922 788  14
5772 887  15
5803 847  15
5802 877  15
5736 816  16
5730 835  16
5728 844  16
5827 851  17
5939 849  17
5797 917  17
5809 766  18
5801 801  18
5740 828  18
5815 748  19
5803 804  19
5806 782  19
5771 903  19
5785 781  19
5825 668  19
5738 797  19
5728 854  20
5730 741  20
5728 799  21
5793 768  22
5905 757  22
5785 815  22
5777 774  23
5728 846  23
5729 821  24
5728 854  24
5830 814  25
5797 853  25
5806 818  25
5801 852  25
5805 874  26
5913 824  26
5780 900  26
5815 862  26
5764 748  27
5862 743  27
5744 770  27
5872 879  28
5803 885  28
5802 893  28
5874 869  28
5768 901  29
5824 837  29
5841 794  29
5796 863  29
5728 835  30
5728 784  31
5744 761  31
5807 716  32
5773 736  32
5752 884  32
5851 710  32
5803 816  33
5868 814  33
5872 792  33
5952 783  33
5728 845  34
5776 844  34
5823 723  35
5799 730  35
5797 809  35
5948 719  35
5833 754  36
5803 766  36
5728 817  36
5728 835  37
5734 817  39
5731 818  39
5748 799  39
5728 843  39
5797 819  40
5806 778  40
5758 876  40
5734 866  41
5819 804  41
5767 861  41
5824 920  42
5800 929  42
5895 759  42
5838 834  42
5780 854  43
5775 900  43
5819 821  43
5822 820  43
5818 849  43
5884 783  43
5728 745  44
5791 726  44
5873 724  44
5797 782  45
5728 827  46
5759 789  46
5848 788  46
5752 769  47
5775 746  47
5741 859  47
5738 833  48
5785 821  48
5802 818  48
5810 803  48
5806 812  48
5728 857  48
5755 875  49
5866 783  49
5846 828  49
5816 833  49
5814 838  49
5797 844  49
