6013 73  0
5968 118  0
6017 68  0
6115 6  0
6095 17  0
6075 18  0
6014 118  1
6013 137  1
6036 39  1
5969 0  1
5936 45  1
6021 22  3
5989 112  3
6022 0  3
6077 54  4
6233 14  4
6232 36  4
6162 34  4
6002 65  4
6070 50  5
6008 77  5
6032 14  6
5996 109  6
6115 0  6
6006 78  6
6009 0  7
5959 94  7
5983 40  7
5944 64  8
5934 106  8
5928 112  8
6020 0  8
5894 184  8
5948 18  8
5960 130  10
5965 125  10
6042 0  10
6031 30  10
5994 39  10
5974 44  10
6076 2  11
6022 111  11
6068 103  11
6038 106  11
6015 110  12
6025 0  12
5976 148  12
6024 22  13
5985 39  13
6040 17  13
6075 0  13
6054 43  14
6045 47  14
5997 132  14
6094 38  14
6004 13  15
5927 117  15
5980 299  16
6035 156  16
6126 143  16
6032 217  16
6025 297  16
6150 141  16
5952 22  17
5955 0  17
5908 104  17
5997 63  18
6021 47  18
6031 0  18
5988 113  18
6071 57  19
6063 90  19
6038 109  19
6033 313  19
5991 100  19
6018 0  19
5997 55  19
5966 242  19
6017 29  20
5997 97  20
6012 70  20
6026 19  20
6017 0  21
6009 18  21
6019 14  22
5994 148  22
6009 26  22
6123 0  22
5984 68  23
6073 0  23
6033 87  24
6035 27  24
5959 215  24
6005 99  24
5991 199  24
5954 269  24
5963 42  25
6030 6  25
5985 132  26
6032 22  26
6014 129  26
5961 141  26
5973 0  27
5965 60  27
6055 5  28
6039 17  28
5995 193  28
6094 4  28
5995 108  29
6145 28  29
6032 62  29
5994 56  30
5987 89  30
6045 3  30
6001 22  30
5999 69  31
6063 18  31
6072 0  31
6012 25  31
5956 137  32
6040 52  32
6014 96  32
6002 98  32
6046 3  32
5951 220  32
5965 201  33
6023 39  33
5993 146  33
5963 273  33
6074 418  34
6301 88  34
6157 92  34
6099 125  34
5993 4  35
6028 0  35
5979 35  35
5979 104  36
5984 0  36
6013 62  37
6054 41  37
6150 0  37
6012 94  37
5990 98  39
6035 36  39
5976 229  39
6025 88  39
6012 145  40
6048 45  40
6135 43  40
6143 40  40
6369 27  40
6007 184  40
5993 202  41
6141 0  41
5994 27  41
6050 18  42
6113 5  42
6146 0  42
5981 40  42
6088 136  43
6083 225  43
6089 0  43
6075 259  43
5968 53  44
6008 21  44
5996 23  44
5931 97  44
6081 122  45
5947 123  45
5992 139  46
5995 76  46
6053 0  46
5965 216  46
5971 0  47
5964 116  47
5942 201  47
5992 237  48
6019 96  48
6089 25  48
6003 229  48
6023 46  49
6000 78  49
6066 20  49
6082 4  49
