6484 1155  0
6519 1152  0
6520 1132  0
6532 1074  0
6468 1106  1
6548 1027  1
6568 1025  1
6463 1172  1
6613 982  1
6473 1066  1
6654 1139  1
6513 1173  1
6636 1215  3
6598 1230  3
6648 1158  3
6706 1138  3
6608 1142  4
6616 1123  4
6592 1211  4
6657 1119  4
6624 1074  4
6533 1111  4
6648 1331  5
6668 1228  5
6658 1272  5
6796 1210  5
6670 1056  6
6666 1057  6
6537 1091  6
6611 1138  7
6587 1199  7
6729 1088  7
6619 1157  8
6638 1116  8
6576 1204  8
6651 1157  10
6688 1139  10
6717 1062  10
6641 1165  10
6544 1122  11
6581 1181  12
6552 1245  12
6647 1129  12
6573 1198  12
6553 1024  13
6532 1125  13
6609 1002  13
6596 1122  14
6573 1140  14
6579 1136  14
6594 1127  14
6502 1150  14
6611 1069  14
6565 1049  15
6551 1178  15
6539 1134  16
6645 1075  16
6641 1120  16
6560 1054  17
6561 1023  17
6630 952  17
6525 1067  17
6576 1257  18
6577 990  18
6596 1120  19
6595 1185  19
6628 1027  19
6578 1243  19
6481 1164  19
6612 1149  20
6576 1214  21
6674 1112  21
6557 1015  22
6541 1110  22
6511 1184  23
6522 1072  23
6597 1107  24
6703 1102  24
6710 1101  24
6551 1156  24
6586 1286  25
6638 1142  25
6637 1153  25
6607 1255  25
6623 1160  26
6773 1143  26
6617 1166  26
6666 1340  27
6651 1345  27
6673 1267  27
6668 1281  27
6591 1149  28
6551 1213  28
6687 1144  28
6545 1118  29
6565 960  29
6564 965  29
6557 1067  29
6548 1075  29
6546 1096  29
6459 1035  30
6502 1013  30
6448 1121  30
6472 1179  31
6567 1076  31
6552 1102  31
6531 1154  31
6689 1094  32
6718 1060  32
6526 1117  32
6668 1332  33
6783 1167  33
6798 1127  33
6655 1352  33
6731 1198  33
6690 1301  33
6706 1110  34
6624 1234  34
6630 1136  34
6726 1163  35
6610 1213  35
6614 1178  35
6574 1142  36
6599 1115  36
6617 1096  36
6545 1269  36
6559 1216  37
6611 1204  37
6557 1259  37
6514 982  39
6523 962  39
6631 917  39
6505 1043  39
6532 1103  40
6521 1046  41
6508 1082  41
6505 1041  42
6527 1013  42
6559 1011  42
6735 1082  43
6625 1170  43
6749 1063  43
6638 1114  43
6577 1057  44
6635 1055  44
6559 1102  44
6542 1162  44
6614 1194  45
6666 1154  45
6612 1206  45
6599 1287  45
6640 1225  46
6655 1160  46
6605 1232  46
6550 968  47
6544 1075  47
6658 898  47
6455 1074  48
6482 1057  48
6558 938  48
6565 1183  49
6568 1098  49
6614 1021  49
6559 1288  49
