5579 585  0
5697 618  1
5701 572  1
5647 663  1
5687 605  1
5633 667  1
5564 540  3
5555 572  3
5586 606  4
5768 763  4
5611 610  5
5585 614  6
5593 627  7
5617 649  8
5613 638  10
5643 651  11
5639 672  11
5718 642  11
5575 581  12
5617 548  13
5562 564  13
5658 692  14
5629 560  15
5585 578  15
5638 653  16
5800 627  16
5554 542  17
5590 605  18
5612 616  19
5591 623  19
5618 643  19
5571 585  20
5643 662  21
5617 637  22
5610 611  23
5596 627  23
5643 607  23
5674 688  24
5526 556  25
5570 536  25
5578 600  26
5796 756  27
5739 762  27
5753 641  28
5679 648  28
5701 709  29
5759 700  29
5569 601  30
5582 606  31
5641 629  32
5683 561  32
5661 618  32
5891 649  33
5706 667  33
5687 702  33
5620 566  34
5571 602  34
5688 662  35
5676 693  35
5728 679  36
5686 684  36
5679 697  37
5594 559  39
5578 583  39
5664 698  40
5647 642  41
5621 646  41
5578 558  42
5575 587  42
5620 579  43
5608 581  43
5686 697  44
5616 635  45
5611 637  45
5618 634  45
5644 667  46
5689 665  46
5694 663  46
5642 670  46
5634 575  47
5585 578  47
5571 579  47
5640 631  48
5548 569  49
5552 530  49
