6517 1762  0
6526 1751  0
6513 1764  0
6482 1735  1
6459 1701  1
6458 1707  1
6376 1625  3
6398 1651  4
6371 1621  4
6449 1611  5
6471 1585  5
6420 1630  5
6425 1676  6
6490 1594  6
6440 1625  6
6432 1660  6
6416 1665  7
6512 1765  8
6514 1752  8
6515 1744  8
6540 1719  10
6506 1751  10
6589 1706  10
6501 1754  10
6589 1712  11
6531 1713  11
6517 1770  11
6485 1737  12
6595 1719  12
6397 1635  13
6427 1619  13
6425 1677  14
6490 1743  15
6426 1669  16
6419 1581  17
6405 1654  17
6512 1682  18
6450 1696  18
6469 1687  18
6420 1673  19
6410 1663  19
6436 1684  20
6554 1659  21
6543 1727  21
6536 1764  21
6520 1742  22
6455 1693  23
6513 1681  23
6474 1724  24
6422 1675  25
6446 1641  26
6416 1669  26
6451 1668  27
6433 1622  28
6374 1627  28
6451 1611  29
6437 1639  29
6535 1767  30
6412 1665  31
6429 1633  31
6371 1623  32
6470 1720  33
6485 1738  34
6414 1667  35
6444 1697  36
6469 1713  37
6477 1710  37
6463 1523  39
6451 1586  39
6400 1614  39
6478 1720  40
6572 1825  41
6476 1727  42
6464 1712  43
6501 1692  43
6466 1711  43
6510 1662  43
6459 1710  44
6512 1718  45
6490 1734  45
6319 1536  46
6475 1728  47
6477 1717  48
6395 1648  49
