4344 2230  0
4330 2252  0
4374 2227  1
4324 2174  1
4319 2221  1
4329 2224  3
4311 2192  4
4305 2153  4
4298 2162  4
4268 2197  5
4409 2340  6
4432 2246  6
4412 2324  6
4403 2334  7
4311 2172  8
4337 2207  10
4275 2206  11
4386 2274  12
4390 2259  13
4303 2176  14
4308 2157  14
4273 2168  15
4265 2172  15
4317 2124  15
4275 2138  15
4322 2224  16
4283 2184  17
4368 2205  18
4345 2232  18
4348 2224  18
4332 2258  18
4337 2254  18
4341 2248  18
4262 2132  19
4298 2123  19
4242 2133  19
4293 2125  19
4381 2304  19
4267 2185  20
4257 2109  21
4395 2283  22
4397 2275  22
4360 2214  23
4321 2234  24
4380 2218  25
4300 2211  26
4286 2212  26
4291 2203  27
4283 2214  27
4210 2087  28
4330 2138  29
4266 2184  29
4307 2211  30
4297 2135  31
4292 2223  31
4282 2117  32
4320 2106  32
4271 2162  32
4411 2258  33
4267 2153  34
4313 2148  34
4318 2147  34
4328 2140  34
4380 2218  35
4287 2183  36
4292 2181  36
4269 2199  36
4322 2211  37
4318 2212  37
4335 2201  37
4220 2092  39
4258 2144  40
4257 2163  40
4305 2159  41
4300 2159  42
4308 2154  42
4285 2175  42
4430 2329  43
4266 2169  44
4292 2196  45
4327 2155  46
4318 2168  46
4298 2171  46
4310 2179  47
4419 2272  48
4324 2184  49
