4469 2029  0
4637 2133  1
4634 2137  1
4641 2120  1
4507 1983  1
4517 1958  1
4511 1981  1
4551 2074  3
4547 2091  4
4603 2076  4
4493 2036  5
4638 2181  6
4542 2112  7
4554 2085  8
4559 2061  8
4555 2081  8
4552 2115  10
4546 2072  11
4545 2109  11
4523 2063  12
4521 2070  12
4452 1957  13
4514 2007  14
4469 2021  15
4538 2020  15
4449 1986  16
4516 2065  17
4441 1937  18
4634 2134  19
4640 2117  19
4617 2157  19
4565 2070  19
4517 2058  20
4516 2059  20
4538 2056  20
4536 2089  21
4552 2094  22
4539 2056  23
4540 2071  24
4503 1976  25
4544 2063  26
4507 2040  27
4584 2128  28
4540 2088  29
4577 2049  30
4619 2093  31
4633 2041  31
4583 2125  31
4624 2148  32
4636 2125  32
4628 2143  32
4494 1972  33
4490 2004  33
4488 2030  33
4573 2126  34
4451 1930  35
4529 2046  36
4570 1994  37
4509 2005  37
4564 2106  39
4528 2037  40
4501 2041  41
4514 2038  41
4503 2040  41
4437 1934  42
4476 2025  43
4565 2135  44
4477 2025  45
4475 2036  45
4590 2086  46
4558 2091  46
4647 2072  47
4554 2092  48
4559 2079  48
4524 2091  49
