3814 1599  0
3793 1600  0
3715 1522  1
3783 1590  1
3762 1506  3
3759 1520  3
3697 1501  4
3696 1503  4
3759 1565  4
3824 1613  5
3875 1682  6
3678 1485  7
3681 1460  7
3711 1514  8
3744 1551  10
3718 1485  11
3710 1495  11
3813 1565  12
3800 1597  12
3794 1505  13
3771 1506  13
3747 1554  13
3680 1452  14
3686 1448  14
3676 1464  14
3683 1449  14
3844 1651  15
3746 1501  16
3778 1545  17
3768 1559  17
3764 1560  17
3754 1561  17
3839 1624  18
3727 1534  19
3694 1501  19
3720 1498  19
3814 1621  20
3755 1537  21
3872 1679  22
3786 1593  23
3758 1548  24
3785 1592  25
3811 1615  26
3794 1598  27
3792 1599  27
3768 1562  28
3757 1564  28
3755 1562  29
3769 1538  29
3840 1632  30
3879 1676  31
3757 1553  32
3739 1527  33
3774 1541  34
3781 1515  34
3811 1618  35
3761 1544  36
3759 1549  36
3771 1509  37
3763 1518  37
3775 1502  37
3865 1580  39
3830 1546  40
3748 1547  40
3742 1504  41
3676 1471  42
3864 1650  43
3766 1573  44
3811 1568  44
3805 1609  45
3754 1557  46
3758 1560  47
3706 1475  48
3739 1471  48
3701 1476  48
3846 1644  49
