4426 2005  0
4434 1988  1
4445 1983  1
4424 2042  1
4288 1927  1
4341 1936  3
4374 2063  4
4446 2038  4
4412 2090  4
4372 1942  5
4385 1938  5
4250 1822  6
4399 1960  7
4442 1889  7
4413 1933  7
4357 1964  8
4310 1941  10
4329 1912  10
4413 2023  11
4414 2005  11
4360 1989  12
4452 1995  13
4473 1987  14
4357 2006  14
4387 1943  15
4438 2020  16
4463 2015  16
4436 2036  16
4392 2009  17
4255 1859  18
4558 2088  19
4301 1984  19
4323 1943  19
4361 1938  19
4450 2028  20
4469 1945  20
4444 2045  20
4454 1985  20
4555 2013  21
4309 1901  22
4326 1892  22
4301 1906  22
4334 1940  23
4392 1892  24
4394 2015  25
4417 2011  25
4392 2022  25
4488 2103  26
4442 2113  27
4400 2019  28
4391 2026  28
4405 2004  28
4488 2046  29
4493 1936  29
4443 2053  29
4401 2039  30
4475 1957  31
4477 1933  31
4354 1968  31
4527 2054  32
4461 2069  32
4455 2043  33
4454 2072  33
4459 1997  33
4434 2062  34
4572 2071  35
4600 2010  35
4543 2085  35
4523 2105  35
4281 1915  36
4408 2043  37
4424 1994  37
4425 2064  39
4427 2062  39
4418 2067  39
4480 1976  40
4436 2015  40
4453 1999  40
4344 1873  41
4346 1882  42
4353 1877  42
4399 1835  42
4329 1936  43
4433 1899  43
4470 2013  44
4448 2038  45
4452 2033  45
4504 2029  45
4440 2078  45
4362 1996  46
4355 2029  46
4354 2056  46
4297 1976  47
4345 1933  47
4446 2173  48
4481 2048  48
4447 2053  48
4249 1753  49
