4110 1738  0
4188 1734  0
4040 1763  0
4035 1809  1
3999 1756  1
3909 1683  3
4018 1806  4
4006 1787  4
4056 1698  4
4048 1699  4
4031 1767  4
3920 1702  5
3923 1662  6
3936 1646  6
4057 1598  6
3995 1620  6
4078 1742  7
4088 1724  7
4091 1814  8
4160 1801  8
4159 1804  8
4100 1807  8
3978 1733  10
3995 1731  10
4009 1729  10
4038 1728  10
3984 1707  11
3944 1713  11
3919 1707  12
3942 1693  13
3908 1696  13
3945 1686  13
4128 1679  14
3994 1755  14
4004 1699  14
3949 1726  15
4083 1834  16
4067 1843  16
4006 1768  17
4027 1666  17
3911 1684  18
4037 1824  19
3911 1680  19
3907 1690  20
3984 1757  21
4106 1815  22
4037 1825  22
4023 1742  23
4017 1758  23
3859 1622  24
3923 1711  25
4046 1814  26
4052 1793  26
3904 1692  27
4183 1841  28
4236 1799  28
3916 1704  29
4085 1873  30
4141 1846  31
4079 1857  31
3931 1715  32
4059 1810  33
4237 1798  34
4031 1812  34
3948 1736  35
4087 1827  36
4086 1860  36
4088 1765  36
4006 1786  37
4126 1914  39
3942 1705  40
3932 1717  40
4012 1626  40
4004 1628  40
3991 1689  41
3987 1726  41
4019 1655  42
4092 1649  42
3981 1692  42
4039 1807  43
4051 1799  43
4037 1817  43
4081 1795  43
3938 1721  44
3919 1695  45
3998 1605  45
3978 1606  45
3972 1621  45
4075 1696  46
4066 1702  46
4045 1713  46
3997 1785  46
3940 1728  47
3957 1726  47
3915 1661  48
3926 1660  48
3971 1733  49
3965 1743  49
3969 1738  49
