6198 1791  0
6241 1621  1
6198 1680  1
6264 1673  1
6212 1739  1
6200 1777  1
6245 1687  1
6149 1754  3
6213 1746  3
6307 1733  3
6203 1831  4
6255 1703  4
6208 1829  4
6295 1629  4
6223 1809  4
6183 1849  4
6210 1747  5
6322 1734  5
6172 1601  6
6209 1592  6
6128 1612  6
6338 1790  7
6323 2021  7
6456 1776  7
6165 1692  8
6213 1645  8
6164 1700  8
6197 1667  8
6262 1709  10
6188 1820  10
6263 1697  10
6270 1662  10
6247 1713  10
6241 1768  10
6217 1798  11
6307 1661  11
6254 1728  11
6178 1586  12
6154 1673  12
6363 1669  13
6171 1773  13
6273 1682  13
6267 1724  13
6141 1631  14
6294 1602  14
6125 1427  15
6123 1575  15
6228 1885  16
6273 1679  17
6242 1917  17
6261 1650  18
6231 1652  18
6157 1683  18
6205 1671  18
6121 1796  19
6146 1757  19
6375 1708  19
6264 1720  19
6131 1605  20
6138 1584  20
6218 1857  21
6172 1710  22
6198 1612  22
6215 1601  22
6225 1599  22
6299 1605  23
6220 1607  23
6172 1677  23
6118 1733  24
6131 1723  24
6148 1510  24
6146 1690  24
6226 1580  25
6265 1579  25
6200 1581  25
6178 1720  26
6212 1709  26
6254 1895  27
6317 1768  27
6264 1797  27
6332 1707  28
6183 1798  28
6256 1799  29
6203 1579  30
6184 1777  31
6188 1776  31
6192 1757  31
6182 1815  31
6263 1620  32
6200 1672  32
6371 1708  33
6319 1711  33
6297 1768  33
6266 1922  33
6254 1698  34
6127 1680  35
6154 1770  36
6225 1597  37
6103 1697  37
6191 1560  39
6149 1583  39
6066 1708  40
6095 1646  40
6183 1758  41
6191 1725  41
6196 1712  41
6207 1634  41
6224 1627  41
6198 1680  41
6242 1811  42
6188 1844  42
6130 1720  43
6178 1569  43
6168 1674  43
6116 1776  43
6159 1727  44
6092 1731  44
6121 1625  45
6326 1631  46
6206 1640  46
6162 1611  47
6230 1572  47
6222 1587  47
6228 1654  48
6209 1671  48
6173 1672  48
6171 1704  48
6370 1615  49
6277 1780  49
