4213 2032  0
4104 2016  1
4105 2013  1
4177 2030  1
4107 2149  3
4126 2016  3
4108 2030  3
4036 1944  4
4008 1977  4
4056 1923  4
4004 1892  4
3966 1949  4
4110 2048  5
4136 1981  5
4156 2093  6
4155 2049  7
4165 2054  8
4144 2060  8
4077 2033  10
4108 1934  10
4081 2030  10
4060 2062  10
4165 2101  11
4156 1894  12
4126 2062  13
4260 2007  13
4159 1961  14
4106 2003  15
4234 2087  16
4225 2202  16
4172 2121  17
4223 2067  18
4181 2074  19
4150 1969  19
4106 2042  20
4046 2069  20
4063 2060  20
4059 1926  21
4057 1967  21
4129 1943  22
4109 1984  22
4147 2072  23
4138 2080  23
4062 2136  23
4157 2067  23
3998 2033  24
4087 1939  24
3995 2039  24
4095 2055  25
4115 2027  25
4092 2081  26
4141 2029  26
4132 2030  26
4113 2069  26
4132 2049  27
4203 1973  28
4095 2015  29
4121 2010  29
4089 2038  29
4109 1943  30
4088 1970  30
4110 1933  30
4070 2091  30
4044 2094  31
4144 1982  31
4180 1965  31
4187 1959  31
4057 2073  32
4027 2184  32
4039 2148  32
4055 2109  32
4241 2118  33
4203 2053  34
4190 2195  34
4160 1972  35
4281 1970  36
4267 2030  36
4154 1944  37
4149 1965  37
4140 1972  37
4088 2000  37
4115 1978  37
4089 1986  37
4198 1964  39
4209 1958  39
4170 2005  39
4131 2048  40
4133 2045  40
4126 2053  40
4114 2138  40
4126 2051  41
4124 2060  41
4117 2070  41
4181 1998  42
4138 2073  42
4136 2169  42
4256 2107  43
4181 2331  43
4184 2191  43
4084 2019  44
4107 1930  44
4066 2034  44
4049 2081  44
4138 2043  45
4039 1897  46
4028 2001  46
4019 2018  46
4018 2035  47
4171 1999  48
4169 2039  48
4172 1955  48
4164 2151  48
4068 1979  49
