3953 1556  0
3992 1540  0
3997 1523  0
3966 1547  0
4014 1657  1
4026 1647  1
4100 1611  1
4013 1661  1
4085 1668  1
4024 1579  3
4018 1604  3
3998 1629  3
3991 1635  3
4048 1572  4
4053 1650  4
4015 1612  5
4016 1585  5
4077 1697  6
4076 1701  6
4075 1707  6
4037 1719  6
4064 1675  7
4052 1734  7
4105 1658  7
3996 1592  8
4055 1615  10
4025 1605  11
4081 1680  12
4060 1683  12
4076 1784  13
4033 1679  14
4034 1634  15
4035 1625  15
4050 1670  16
4048 1674  16
4090 1565  17
4019 1574  17
4047 1591  18
4108 1731  19
4051 1621  19
4027 1645  19
4048 1627  19
4083 1730  20
4038 1670  21
4023 1515  22
3993 1564  22
3998 1520  22
3975 1568  23
4102 1760  24
3904 1516  25
3911 1510  25
4012 1628  26
4081 1619  27
4098 1588  27
4039 1634  27
4047 1716  28
4049 1700  28
4089 1661  28
4055 1670  28
3944 1568  29
3952 1563  29
3942 1520  30
3947 1505  30
3960 1555  31
3990 1536  31
3956 1588  31
3982 1549  31
4090 1673  32
4048 1675  32
3995 1637  33
3997 1631  33
4003 1604  33
3923 1566  34
3911 1575  34
3913 1572  34
3916 1569  34
4046 1670  35
4031 1567  36
4018 1581  36
4051 1632  37
4021 1635  37
3998 1571  39
3990 1691  40
4006 1641  41
4015 1615  41
4020 1613  41
3995 1654  41
4145 1819  42
3988 1669  43
4021 1633  44
4037 1629  44
4181 1683  45
4119 1685  45
4059 1699  46
4018 1700  46
3965 1660  47
4028 1609  48
4035 1594  48
3991 1615  48
4067 1589  48
4006 1628  49
