3960 2196  0
3915 2173  1
3913 2177  1
3892 2122  1
4065 2290  3
4061 2306  3
3934 2195  4
4013 2193  4
4000 2194  4
4023 2186  4
3963 2208  4
3957 2200  5
3950 2214  5
3931 2195  6
3945 2184  7
3913 2159  8
3915 2133  10
3908 2137  10
3910 2134  10
3864 2111  11
3981 2242  12
3903 2125  13
4058 2311  14
4091 2301  14
3914 2178  15
3901 2025  16
3961 2207  17
3811 2044  18
3839 1992  19
3826 2085  19
3835 1994  19
3833 1996  19
3827 2014  19
3828 1997  19
4204 2449  19
4229 2447  19
3857 2113  20
3859 2058  21
3860 2056  21
3850 2075  21
4087 2315  22
4085 2323  22
4077 2330  22
4081 2326  22
3967 2140  23
3952 2156  23
3932 2171  23
4069 2312  24
4042 2284  25
3937 2095  26
3964 2200  27
3907 2097  28
4057 2318  29
4062 2270  29
3959 2185  30
3983 2247  31
4138 2402  32
3942 2198  33
3952 2142  33
3937 2201  33
4007 2224  34
3890 2091  35
3872 2105  35
3868 2107  35
3769 1991  36
3799 1987  36
3798 1989  36
4075 2335  37
3965 2162  39
3962 2226  40
3896 2160  41
3872 2066  42
3847 2069  42
3828 2078  42
3800 2043  43
3817 2041  43
3781 2045  43
3910 2169  44
3863 2117  45
3813 1978  46
3951 2209  47
4046 2132  47
3947 2210  47
3994 2133  47
4120 2344  48
3867 2131  49
