4484 2251  0
4571 2365  1
4539 2247  1
4566 2236  1
4532 2275  3
4513 2313  3
4564 2352  4
4536 2257  4
4602 2248  4
4592 2254  4
4528 2279  4
4370 2124  5
4342 2121  6
4341 2123  6
4575 2173  7
4552 2215  7
4533 2266  8
4530 2293  10
4549 2274  10
4582 2321  11
4628 2269  11
4503 2301  12
4560 2340  13
4400 2174  14
4564 2352  15
4379 2104  16
4372 2151  16
4654 2397  17
4668 2352  17
4669 2350  17
4652 2440  17
4554 2342  18
4571 2270  18
4571 2263  19
4526 2309  19
4498 2133  19
4495 2162  19
4457 2206  19
4500 2124  19
4667 2312  20
4583 2264  21
4566 2269  21
4576 2268  21
4460 2248  22
4588 2216  23
4582 2266  23
4484 2272  24
4565 2221  24
4479 2288  24
4497 2234  24
4529 2151  25
4465 2141  26
4461 2182  26
4527 2307  27
4573 2361  28
4424 2084  29
4405 2086  29
4514 2140  30
4394 2199  31
4399 2187  31
4512 2217  32
4541 2208  32
4526 2212  32
4506 2218  32
4526 2297  33
4542 2184  34
4535 2212  34
4508 2254  34
4565 2227  35
4518 2270  36
4545 2237  36
4573 2195  36
4542 2226  37
4604 2221  37
4607 2178  37
4615 2326  39
4536 2295  40
4548 2274  40
4540 2294  40
4512 2247  41
4524 2312  42
4429 2089  43
4426 2114  43
4535 2212  44
4533 2220  44
4526 2282  44
4403 2156  45
4570 2389  46
4600 2339  46
4657 2331  46
4591 2358  46
4522 2318  47
4644 2432  48
4640 2440  48
4477 2163  49
4459 2194  49
4474 2168  49
