5556 2117  0
5564 2115  0
5493 2125  0
5597 2260  1
5594 2275  1
5564 2210  1
5560 2239  3
5569 2228  3
5591 2227  4
5589 2254  4
5587 2268  4
5685 2353  4
5683 2364  4
5694 2310  4
5689 2327  4
5707 2238  5
5702 2353  5
5738 2319  6
5592 2257  7
5606 2257  8
5666 2268  10
5880 2515  11
5683 2357  12
5788 2347  12
5791 2337  12
5555 2191  13
5639 2268  14
5408 2082  15
5568 2249  16
5552 2219  17
5574 2221  18
5671 2324  19
5729 2288  19
5718 2289  19
5632 2177  19
5622 2191  19
5642 2155  19
5605 2192  19
5657 2277  20
5593 2160  21
5721 2314  22
5690 2327  22
5672 2351  22
5742 2311  22
5628 2094  23
5614 2148  23
5599 2232  23
5509 2131  24
5591 2158  25
5655 2294  26
5701 2254  26
5650 2308  26
5555 2229  27
5595 2148  27
5810 2398  28
5798 2443  28
5828 2347  28
5665 2237  29
5664 2268  29
5683 2234  29
5642 2195  30
5602 2234  30
5658 2158  30
5529 2185  31
5527 2191  31
5530 2163  31
5454 2075  32
5676 2302  33
5665 2303  33
5622 2189  34
5601 2194  34
5601 2209  35
5619 2200  35
5622 2185  35
5653 2154  35
5637 2091  36
5458 2093  36
5638 2220  37
5624 2290  37
5436 2053  39
5526 2033  39
5447 2120  40
5566 2185  41
5665 2285  42
5695 2281  42
5400 2079  43
5746 2408  44
5757 2327  44
5769 2325  44
5705 2322  45
5729 2301  45
5545 2206  46
5664 2298  47
5699 2276  47
5663 2332  47
5615 2271  48
5603 2080  49
