5638 2375  0
5798 2535  1
5583 2320  1
5876 2613  3
5821 2558  4
5558 2286  4
5689 2422  5
5628 2359  6
5631 2354  7
5655 2391  8
5701 2433  10
5514 2251  11
5576 2305  12
5659 2394  13
6023 2688  14
5783 2515  15
5709 2441  16
5783 2520  17
5714 2451  18
5726 2450  19
5722 2459  19
5786 2521  19
5622 2359  20
5704 2438  21
5714 2428  21
5683 2416  22
5646 2358  23
5597 2334  24
5615 2329  24
5621 2358  25
5794 2531  26
5636 2341  27
5697 2431  28
5702 2436  29
5580 2295  30
5719 2448  31
5716 2450  31
5722 2441  31
5635 2350  32
5624 2353  32
5581 2310  33
5575 2311  33
5633 2370  34
5688 2406  35
5815 2552  36
5567 2280  37
5551 2286  37
5582 2319  39
5753 2465  40
5617 2354  41
5580 2314  42
5636 2370  43
5621 2348  44
5538 2262  45
5529 2266  45
5815 2552  46
5463 2192  47
5645 2361  48
5631 2368  48
5676 2353  48
5610 2329  49
5599 2336  49
5616 2328  49
