5369 2568  0
5343 2595  0
5340 2934  0
5619 2838  1
5629 2836  1
5631 2831  1
5641 2825  1
5561 2857  1
5648 2819  1
5301 2636  1
5453 2864  3
5471 2823  3
5421 2875  3
5237 2670  4
5204 2720  4
5260 2658  4
5438 2874  5
5433 2924  5
5451 2855  5
5443 2865  5
5236 2539  6
5247 2515  6
5251 2490  6
5534 2968  7
5501 3002  7
5552 2959  7
5532 2858  8
5484 2939  10
5541 2922  10
5461 2723  11
5454 2727  11
5430 2728  11
5427 2735  11
5386 2821  11
5472 2717  11
5431 2766  12
5417 2767  12
5382 2603  13
5369 2874  13
5359 3045  13
5537 2926  14
5605 2873  14
5570 2905  14
5463 2768  15
5295 2673  16
5303 2896  17
5309 2559  17
5499 2842  18
5494 3040  18
5502 2815  18
5419 2810  19
5413 2847  19
5496 2780  19
5457 2783  19
5541 2711  19
5511 2716  19
5542 2690  19
5442 3085  20
5514 2773  20
5458 2816  20
5475 2907  21
5530 2821  21
5535 2820  21
5586 2785  21
5490 2876  21
5463 2915  21
5382 2493  22
5388 2482  23
5390 2481  23
5377 2549  23
5332 2826  24
5397 2745  24
5590 2692  25
5587 2721  25
5595 2674  25
5403 2795  26
5433 2772  26
5407 2684  27
5402 2685  27
5361 2713  27
5381 2712  27
5421 2891  28
5420 2934  28
5501 2836  28
5459 2842  28
5512 3026  29
5575 2874  29
5568 2896  29
5505 3035  29
5524 2936  29
5522 3008  29
5409 2793  30
5432 2767  30
5496 2761  30
5445 2836  31
5382 2642  32
5378 2793  32
5377 2775  33
5462 2739  33
5388 2751  33
5391 2747  33
5424 2765  34
5413 2763  35
5397 2775  35
5453 2588  36
5435 2666  36
5447 2660  36
5412 2686  37
5370 2738  37
5466 2914  39
5544 2900  39
5546 2899  39
5581 2889  39
5418 2794  40
5267 2656  41
5279 2532  41
5318 2524  41
5307 2590  42
5299 2623  42
5496 2847  43
5516 2837  43
5430 2919  43
5453 2863  43
5456 2857  44
5531 2807  44
5527 2843  44
5510 2836  45
5506 2844  45
5504 2881  45
5495 2765  46
5494 2816  46
5466 2853  46
5528 2900  47
5533 2878  47
5537 2873  47
5546 2818  47
5431 2758  48
5376 2824  48
5393 2799  48
5390 2821  48
5348 2684  49
