6189 3104  0
6190 3093  0
6224 3019  0
6185 3146  0
6106 2839  1
6096 2853  1
6247 2994  1
6253 2985  1
6202 3032  1
6144 2851  3
6110 2879  3
6143 2868  3
5969 2809  4
5986 2866  4
5997 2861  4
5979 2950  4
6017 2858  4
5949 2789  5
5925 2790  5
5883 2818  5
5888 2798  5
6075 2875  6
6130 2869  6
6153 2772  6
5746 2600  7
5992 2881  8
6116 2922  10
6046 2865  11
6045 2906  11
6135 2846  12
6143 2814  12
5851 2757  13
6083 2909  14
6235 3050  15
6238 3025  15
6216 3053  15
6193 3064  15
5828 2735  16
5825 2759  16
5923 2704  17
5921 2707  17
5932 2692  17
6063 2940  18
6055 2942  18
6017 2901  19
6034 2803  19
6240 2998  19
6242 2937  19
6006 2681  20
5973 2795  21
6012 2892  22
6042 2840  22
6027 2842  22
6000 2900  22
5950 2787  23
6000 2664  23
5949 2907  23
5975 2837  24
5995 2795  24
5963 2843  24
5947 2668  25
6221 2923  26
6228 2894  26
6093 2934  26
6045 3018  27
5905 2652  28
5888 2828  28
6057 2733  29
6061 2726  29
6043 2757  29
6048 2897  30
6067 2892  30
6080 2819  30
6044 3036  30
6018 2726  31
6025 2578  31
6011 2759  31
5994 2777  32
6215 2946  33
6223 2936  33
6124 2781  34
5901 2676  35
6113 3088  36
6095 3136  36
6089 3141  36
6148 3079  36
6031 2853  37
6096 2737  37
5982 2867  37
5947 3000  39
5948 2964  39
5956 2800  39
5945 3009  39
6024 3024  40
6025 3020  40
5857 2646  41
6185 2936  42
6046 2948  42
6066 2744  43
6059 2745  43
6032 2782  43
6039 2780  43
5951 2733  44
6026 2751  45
6032 2730  45
6009 2783  45
6028 2832  46
5960 2833  46
5914 2696  47
5909 2749  47
5942 2887  48
5938 3021  48
5987 2885  48
6251 3092  49
6254 3090  49
6201 3099  49
