5319 2006  0
5382 1996  0
5345 1929  1
5229 1779  1
5282 1766  1
5255 1774  1
5176 1703  3
5254 1795  4
5215 1847  4
5235 1799  4
5212 1805  4
5198 1808  5
5231 1755  5
5258 1749  5
5195 1848  5
5128 1759  6
5239 1824  7
5392 1934  8
5245 1836  10
5217 1865  10
5349 1779  11
5344 1850  11
5342 1862  11
5270 1799  12
5266 1872  12
5212 1780  13
5221 1756  13
5207 1799  13
5363 1907  14
5373 1905  14
5383 1903  14
5357 1910  14
5172 1778  15
5183 1768  15
5162 1815  15
5132 1817  15
5371 1819  16
5410 1804  16
5324 1824  16
5272 1721  17
5262 1873  17
5291 1786  18
5282 1825  18
5363 1792  19
5291 1914  19
5305 1888  19
5281 1960  19
5388 1910  19
5366 1933  19
5405 1865  19
5345 2020  19
5327 1859  20
5322 1998  20
5192 1821  21
5252 1775  21
5271 1764  21
5189 1853  21
5443 2053  22
5192 1839  23
5275 1841  24
5471 2100  25
5437 2115  25
5279 1864  26
5224 1914  26
5462 1958  27
5408 1996  27
5301 1934  28
5291 1937  28
5335 1787  28
5191 1717  29
5225 1843  30
5427 1888  31
5400 2027  31
5193 1873  32
5455 1994  33
5494 1953  33
5478 1987  33
5409 1918  34
5331 1928  34
5412 1804  35
5397 1972  35
5236 1730  36
5215 1749  36
5318 1796  37
5197 1829  37
5315 1856  39
5293 1833  40
5328 1831  40
5278 1835  40
5370 1900  41
5264 1885  42
5157 1764  43
5314 1873  44
5309 1926  44
5334 1764  44
5208 1809  45
5204 1825  45
5388 1889  46
5353 1909  47
5270 1892  48
5297 1883  48
5257 1895  48
5253 1916  49
