5958 3043  0
5938 3220  0
5985 3002  0
6079 3397  1
5880 2865  1
5885 2859  1
6010 3295  3
6015 3294  3
6008 3331  3
5905 3017  4
5987 2820  4
5970 2889  4
5871 2907  4
5963 3077  5
5966 2974  5
6175 3176  6
6130 3230  6
6115 3410  6
6117 3407  6
5998 2884  7
6032 2872  7
6077 2868  7
5879 3178  8
5878 3182  8
5922 3236  10
6005 3307  11
6007 3305  11
6020 3279  11
6003 3316  11
6092 3399  12
6075 3459  12
5992 3159  13
6027 3325  14
5959 3276  15
5970 3271  15
5967 3272  15
6063 3062  16
6057 3087  16
6039 3110  16
6025 3112  16
6018 2822  17
6030 3347  18
6009 2860  19
5989 3304  19
6005 3080  19
6019 3065  19
6032 3063  19
5915 3094  19
6016 3332  20
6018 3330  20
5954 2940  21
5959 3277  22
5963 3275  22
5876 3237  23
5883 3171  23
5992 3298  24
5961 2936  25
5945 2873  26
5949 3233  27
5914 3227  28
6040 3265  29
6037 3278  29
6202 3520  30
5946 3022  31
6071 3380  32
6085 3073  32
6074 3379  32
5993 3308  33
6080 3042  34
6099 3015  34
6097 3019  34
6069 3144  34
5999 3314  35
6079 3257  35
5873 3191  36
6015 3333  37
6037 2994  39
6039 2928  39
5984 3325  40
6002 2980  41
6025 2963  42
6026 2950  42
5831 3211  43
5851 3160  43
5924 3242  44
5942 3233  44
5961 2816  45
6135 3070  46
6036 3348  46
6093 3054  47
6037 3355  47
5997 3070  48
5987 3075  48
5948 3253  48
5991 3306  49
