6882 2759  0
7147 2946  1
7108 2866  1
7087 2949  1
7110 2922  3
7056 2937  3
7089 2954  4
7023 2900  4
6935 2783  5
6931 2809  5
7079 2773  6
7087 2762  6
7031 2848  6
7042 2918  7
6979 2849  8
6993 2873  10
7028 2866  10
6855 2707  11
7047 2803  12
7034 2874  12
6865 2739  13
6959 2822  14
6969 2721  14
7015 2896  15
6999 2842  16
6943 2779  17
6956 2728  17
7140 3003  18
7168 2970  18
6843 2664  19
6838 2717  19
6955 2815  19
7019 2869  20
7041 2878  21
7044 2860  21
7025 2899  21
7073 2946  22
7075 2928  22
7080 2907  22
7320 3108  23
7308 3168  23
7189 2957  24
7126 2963  24
7191 2952  24
7159 3038  25
6966 2787  26
6991 2751  26
6985 2769  26
7013 2845  27
7037 2906  28
7028 2907  28
7373 3254  29
7414 3250  29
7156 3032  30
7091 2857  31
7021 2896  31
7024 2895  31
6987 2747  32
6979 2767  32
6991 2726  32
6990 2728  32
7131 2934  33
7120 2970  33
6971 2796  34
7037 2759  34
6932 2813  34
6803 2675  35
6874 2670  35
6933 2768  36
6932 2813  36
7226 3016  37
7217 3019  37
7165 3044  37
7058 2915  39
7045 2926  39
7062 2913  39
7009 2842  40
7073 2809  41
7125 2961  42
7113 2972  42
6987 2861  43
7004 2847  44
7002 2878  44
7049 2878  45
7008 2889  45
7033 2897  46
6958 2727  47
7004 2658  47
7127 3002  48
7100 2950  49
7082 2960  49
