6900 3194  0
6928 3085  0
6799 3060  1
6788 3087  1
6916 3075  1
6971 3248  3
6998 3243  3
6781 2811  4
7076 3128  4
7063 3138  4
7067 3135  4
6778 3058  5
6778 2982  6
6943 3119  7
6915 3148  7
6917 3136  7
6899 3178  7
6973 3128  8
6969 3235  8
7026 3125  8
6790 3050  10
6820 3042  10
6817 3047  10
6787 3098  10
6724 2916  11
6723 2923  11
6948 3150  12
6710 3001  13
6832 3070  14
6889 3096  15
6876 3120  15
6864 3136  15
6858 3162  15
6886 3079  16
6929 3016  17
6924 3046  17
6894 3081  18
6908 3077  18
6875 3120  18
6814 3044  19
6801 3062  19
6678 2858  19
6673 2892  19
6878 3092  20
6591 2808  21
6611 2740  21
6587 2824  21
6810 3070  22
6748 2846  23
6757 2981  24
6911 3138  25
7088 3260  26
7089 3237  26
7057 3280  26
7006 3237  27
6967 3259  27
7007 3289  28
6825 3117  29
6876 3113  29
6875 3115  29
6878 3083  30
6929 3026  30
6926 3052  30
6850 3095  30
7021 3098  31
6928 3119  31
6838 2969  32
6881 2959  32
7069 3233  33
7086 3210  33
7105 3209  33
6847 3071  34
6934 3224  35
6950 3210  35
6853 3082  36
6930 3156  37
7035 3215  39
6976 3141  40
6791 3007  41
6800 2981  41
6797 3005  41
6780 3032  41
7022 3020  42
6991 3061  42
6962 3139  42
6692 2905  43
6678 2936  43
6947 3081  44
6961 3080  44
6945 3115  44
6847 2914  45
6826 3073  45
6757 3001  46
6798 2976  46
6715 3002  46
6871 2962  46
7106 3191  47
7145 3155  47
6977 3272  48
6991 3195  48
6773 3083  49
