7718 3750  0
7714 3756  0
7542 3553  1
7563 3524  1
7534 3561  1
7557 3589  1
7396 3385  3
7541 3504  4
7511 3522  4
7480 3550  4
7522 3543  5
7578 3577  6
7599 3625  7
7612 3604  7
7522 3510  8
7524 3474  8
7614 3692  10
7458 3471  11
7569 3505  12
7420 3446  13
7725 3741  14
7688 3744  14
7508 3478  15
7631 3402  15
7595 3414  15
7573 3434  15
7681 3607  16
7661 3650  16
7671 3622  16
7629 3554  17
7661 3696  18
7547 3608  19
7510 3454  19
7502 3354  20
7464 3359  20
7498 3357  20
7456 3384  20
7590 3609  21
7635 3669  22
7866 3937  23
7489 3538  24
7522 3497  24
7530 3494  24
7491 3502  24
7380 3417  25
7389 3437  26
7609 3573  27
7606 3575  27
7437 3446  28
7504 3431  28
7448 3440  28
7415 3460  28
7587 3650  29
7576 3654  29
7770 3774  30
7767 3775  30
7775 3753  30
7674 3739  31
7673 3746  31
7665 3671  32
7665 3730  33
7675 3703  33
7662 3744  33
7699 3716  34
7434 3454  35
7391 3446  36
7500 3559  37
7447 3494  39
7522 3516  40
7518 3524  40
7792 3870  41
7653 3687  42
7684 3684  42
7503 3501  43
7506 3449  43
7544 3568  44
7513 3570  44
7469 3460  45
7471 3432  45
7465 3478  45
7624 3550  46
7618 3623  46
7483 3517  47
7510 3515  47
7522 3491  48
7529 3514  49
