6867 3165  0
6967 3108  0
6895 3111  0
6863 3189  1
6828 3090  1
6841 3083  1
6923 3179  3
6861 3189  4
6845 3237  4
6979 3177  4
6854 3037  4
6853 3164  4
6806 3137  5
6773 3013  6
6870 3073  7
6871 3055  7
6858 3077  7
6789 3069  8
6801 3062  8
6772 3123  8
6824 3061  8
6958 3239  10
6977 3150  10
6954 3245  10
6985 3276  11
6882 3277  11
6817 3137  12
6851 3095  12
6846 3101  12
6813 3186  12
6766 3143  13
6929 3131  14
6864 3228  14
6904 3169  14
6881 3186  14
6706 3022  15
6855 3242  16
6900 3146  17
6745 3106  18
6834 3159  19
6957 3151  19
7030 3084  19
6903 3175  19
6990 3148  19
6829 3030  20
6821 3084  20
6743 2946  21
6709 2989  21
6705 2992  21
6687 3001  21
7082 3380  22
6665 2961  23
6645 2995  23
6929 3112  24
6874 3145  24
6687 3059  25
6769 3010  26
6811 2989  26
6961 3242  27
6859 3233  28
6863 3220  28
6866 3208  28
6694 2980  29
6655 3042  29
6873 3175  30
6896 3145  30
6827 3081  31
6816 3094  31
6756 3111  32
6757 3099  32
6843 3236  33
6849 3219  33
6852 3178  33
6873 3131  34
6711 2983  35
6732 2963  35
6670 3052  35
6946 3187  36
6927 3206  36
6655 2971  37
6949 3096  39
6963 3066  39
6805 3097  40
6807 3033  40
6800 3117  40
6822 2972  40
7007 3209  41
6946 3247  41
7003 3222  41
6945 3262  41
6919 3268  42
6729 3007  43
6666 3013  43
6818 3137  44
6824 3116  44
6810 3184  44
6848 3078  44
6976 3139  45
6781 3082  46
6821 3143  47
6871 3090  47
6847 3142  47
6831 3133  48
6871 3154  49
