7672 3464  0
7639 3466  1
7624 3433  1
7714 3542  3
7681 3451  4
7713 3430  4
7667 3454  4
7712 3540  4
7679 3486  5
7672 3491  5
7716 3519  6
7734 3454  7
7702 3522  7
7732 3517  7
7668 3478  8
7712 3463  8
7679 3472  8
7705 3471  8
7618 3441  10
7681 3438  10
7704 3433  10
7565 3383  11
7767 3587  12
7799 3627  13
7796 3607  14
7674 3485  15
7715 3525  16
7744 3488  17
7742 3495  17
7717 3508  17
7765 3526  18
7759 3576  18
7754 3582  18
7627 3333  19
7600 3362  19
7681 3496  19
7742 3561  20
7746 3508  20
7752 3468  21
7589 3381  22
7650 3475  23
7658 3472  23
7644 3468  24
7770 3597  25
7778 3568  25
7935 3522  26
7813 3533  26
7794 3545  26
7662 3483  27
7496 3321  28
7418 3165  29
7415 3208  29
7524 3351  30
7623 3449  31
7709 3436  31
7920 3741  32
7705 3523  33
7680 3505  34
7728 3456  34
7732 3448  34
7749 3430  35
7712 3471  35
7717 3469  35
7733 3552  36
7690 3364  37
7699 3500  39
7612 3397  40
7672 3375  40
7707 3333  40
7737 3491  41
7697 3504  42
7689 3508  42
7609 3326  43
7625 3265  43
7615 3317  43
7566 3368  43
7585 3338  43
7572 3357  43
7597 3399  44
7668 3475  45
7690 3510  46
7702 3481  46
7716 3429  46
7541 3354  47
7565 3328  48
7572 3324  48
7677 3492  49
