7677 3533  0
7743 3683  1
7742 3632  1
7768 3625  1
7679 3674  1
7582 3477  3
7690 3441  4
7873 3796  4
7909 3787  4
7910 3779  4
7836 3536  5
7754 3547  5
7838 3749  6
7822 3825  6
7823 3751  7
7827 3740  7
7875 3739  7
7724 3508  8
7698 3537  8
7739 3506  8
7764 3670  10
7778 3669  10
7783 3651  10
7762 3697  10
7797 3479  11
7746 3486  11
7860 3740  12
7915 3771  13
7914 3886  14
7981 3835  14
7918 3746  15
7802 3592  16
7777 3640  16
7668 3586  17
7818 3696  18
7845 3808  19
7714 3602  19
7841 3577  20
7734 3625  20
7815 3586  20
7790 3699  21
7766 3700  21
7800 3688  21
7697 3713  21
7644 3545  22
7766 3702  23
7683 3610  24
7848 3550  24
7678 3642  24
7689 3591  24
7863 3714  25
7842 3720  25
7761 3668  26
7861 3594  27
7818 3642  27
7704 3632  28
7761 3629  29
7726 3598  30
7686 3605  30
7768 3705  31
7764 3725  31
7762 3743  31
7789 3688  31
7818 3704  32
7868 3641  33
7848 3704  33
7816 3714  33
7874 3577  33
7617 3515  34
7608 3522  34
7716 3683  35
7691 3688  35
7731 3665  35
7647 3442  36
7590 3447  36
7579 3532  36
7728 3649  37
7759 3549  37
7730 3556  37
7795 3598  39
7759 3702  39
7807 3774  40
7801 3674  41
7715 3574  42
7827 3788  43
7820 3796  43
7939 3688  44
7877 3777  45
7887 3730  45
7886 3769  45
7911 3802  46
7922 3760  46
7898 3866  46
7866 3753  47
7877 3747  47
7792 3585  48
7773 3622  48
7764 3605  49
