7556 3648  0
7518 3691  0
7570 3736  1
7594 3697  1
7566 3763  1
7636 3695  1
7527 3741  3
7630 3849  4
7626 3851  4
7639 3780  4
7565 3756  4
7666 3800  5
7624 3845  5
7716 3869  6
7670 3870  6
7523 3761  7
7528 3758  7
7633 3847  8
7642 3807  8
7629 3871  8
7536 3710  10
7463 3691  11
7450 3651  12
7514 3617  12
7439 3668  12
7726 3960  13
7751 3953  13
7721 3964  13
7632 3836  14
7492 3681  15
7613 3781  16
7572 3782  16
7547 3785  16
7465 3680  17
7460 3690  17
7576 3754  18
7388 3617  19
7671 3899  19
7579 3770  20
7534 3653  21
7454 3623  22
7536 3588  23
7484 3631  23
7614 3798  24
7381 3561  25
7518 3555  25
7379 3602  25
7358 3565  26
7542 3741  27
7726 3848  28
7632 3792  29
7483 3681  30
7479 3710  30
7588 3815  31
7687 3803  32
7676 3872  32
7679 3895  33
7697 3880  34
7695 3900  34
7694 3924  34
7703 3853  34
7341 3574  35
7347 3536  35
7512 3712  36
7473 3720  36
7480 3666  37
7705 3851  39
7739 3803  39
7747 3796  39
7701 3855  39
7648 3873  40
7553 3767  41
7569 3735  41
7556 3752  41
7494 3629  42
7556 3588  43
7531 3604  43
7620 3815  44
7629 3784  44
7735 3949  45
7760 3887  46
7743 3937  46
7534 3689  47
7502 3566  48
7463 3646  48
7480 3588  48
7551 3750  49
7600 3739  49
7542 3757  49
