6885 2491  0
7013 2615  1
7022 2606  1
6850 2456  1
7233 2833  3
6860 2420  4
7039 2581  4
7161 2548  5
7170 2520  5
7181 2497  5
7071 2565  5
7005 2580  6
7015 2570  6
6856 2398  7
6813 2419  7
6734 2299  8
7056 2660  10
6797 2393  11
6808 2379  12
6958 2522  13
7010 2554  14
6993 2561  14
6854 2460  15
6904 2437  15
6897 2439  15
7029 2602  16
6852 2417  17
6842 2416  18
7034 2545  19
7095 2690  19
7112 2606  20
6888 2458  21
6970 2504  22
6941 2530  23
6941 2522  24
6856 2416  25
7035 2641  26
6924 2462  27
7032 2638  28
6917 2521  29
6981 2514  29
6924 2499  30
7134 2546  31
7076 2598  31
7182 2530  31
6995 2479  32
6949 2503  32
7251 2835  33
6921 2513  34
7001 2599  35
6876 2342  36
6967 2573  37
6963 2401  39
6951 2486  39
7079 2654  40
7101 2623  40
7092 2642  40
6999 2559  41
6890 2465  42
7172 2666  43
7167 2680  43
7143 2717  43
7075 2563  44
7074 2664  44
6993 2549  45
6988 2558  45
7050 2652  46
7087 2616  46
6950 2525  47
7041 2514  47
6817 2384  48
6922 2528  49
