7200 3185  0
7148 3295  0
6982 3285  1
6979 3359  1
7043 3238  1
7036 3302  1
7016 3305  1
7253 3533  3
7088 3365  4
7035 3419  4
7044 3366  4
7255 3616  5
7282 3575  5
7266 3594  5
7234 3617  5
7265 3605  5
7289 3536  5
6963 3232  6
6937 3344  6
7083 3221  7
7070 3278  7
6914 3275  8
6896 3317  8
7178 3457  10
7200 3413  10
7137 3525  10
6898 2943  11
6891 2954  11
7008 3362  12
7071 3350  12
6977 3445  12
7111 3446  13
7178 3283  14
7130 3398  14
7078 3513  14
7056 3285  15
6804 3165  16
6937 3025  17
6915 3094  17
7062 3349  18
7078 3312  18
7073 3341  18
7051 3402  18
6992 3189  19
6966 3317  19
6936 3328  19
7195 3543  20
7191 3292  21
7189 3300  21
7186 3331  21
7128 3336  21
6764 3146  22
6758 3161  22
6801 3138  22
6906 3224  23
6918 3218  23
7024 3189  24
7007 3213  24
7031 3264  25
7030 3270  25
7061 3196  25
7055 3210  25
6927 3310  26
7054 3421  27
7075 3418  27
7047 3451  27
6997 3181  28
7067 3165  28
6963 3194  29
6969 3164  29
7018 3124  29
6959 3197  29
6863 3239  29
6893 3202  29
7070 3139  30
6897 3133  31
6929 3112  31
6995 3346  32
6983 3367  32
7156 3251  33
7124 3373  33
7112 3381  33
6897 3257  34
6913 3159  34
7129 3296  35
7102 3577  35
6986 3148  36
6979 3159  36
6983 3199  37
6931 3156  39
6991 3363  40
7110 3467  41
7103 3469  41
7167 3450  41
7022 3136  42
6900 3157  42
7056 3304  43
7051 3315  43
7017 3330  43
6979 3426  43
6916 3202  44
7033 3420  45
7156 3334  45
7025 3426  45
7042 3268  46
7026 3290  46
7041 3287  46
7165 3410  47
7090 3489  47
7326 3477  48
7186 3642  48
7275 3494  48
7265 3497  48
6868 3067  49
