6170 2565  0
6169 2573  0
6163 2676  1
6154 2700  1
6169 2671  1
6134 2596  1
6138 2587  1
6158 2494  1
6128 2625  1
6138 2503  3
6109 2591  4
6124 2552  4
6126 2562  4
6133 2560  4
6034 2417  5
6023 2560  6
6095 2469  6
6048 2474  6
6176 2485  7
6071 2545  8
6074 2515  8
6065 2548  8
6094 2474  10
6089 2536  10
6124 2603  11
6142 2578  11
6106 2547  12
6091 2594  12
6159 2612  13
6164 2598  14
6159 2605  14
6155 2647  14
6169 2687  15
6173 2681  15
6148 2581  16
6129 2612  16
6159 2561  16
6093 2627  16
6059 2482  17
6179 2578  18
6092 2572  19
6117 2516  19
6087 2522  19
6122 2517  20
6138 2548  21
6135 2549  21
6071 2530  22
6075 2521  22
6063 2540  22
5972 2506  23
6205 2566  24
6173 2617  24
6269 2539  24
6081 2489  25
6099 2523  26
6091 2554  26
5977 2377  27
5980 2373  27
5976 2387  27
6137 2659  28
6145 2629  28
6044 2405  29
6049 2399  29
6036 2406  29
6014 2416  30
6012 2454  30
6024 2380  30
6041 2489  31
6164 2596  32
6168 2583  32
6170 2582  32
6223 2576  32
6065 2517  33
6017 2486  34
6050 2523  35
6044 2540  35
6076 2563  36
6062 2564  36
6041 2477  37
6047 2474  37
6040 2583  37
6191 2616  39
6195 2609  39
6187 2619  39
6052 2530  40
6189 2586  41
6200 2565  41
6166 2606  41
6075 2502  42
6110 2490  42
6127 2593  43
6128 2584  43
6093 2601  43
6072 2454  44
6071 2493  44
6054 2559  45
6067 2506  45
6097 2476  45
6100 2474  45
6074 2621  46
6081 2605  46
5997 2479  47
6040 2472  47
6121 2583  48
6115 2584  48
6131 2540  49
6163 2526  49
