8863 3866  0
8866 3821  0
8865 3862  0
8856 3871  0
8980 3878  1
8891 3900  1
8902 3899  1
8905 3898  1
8906 3883  1
9119 3848  1
8537 3520  1
8653 3665  3
8683 3669  4
8674 3675  4
8692 3650  4
8804 3728  4
8762 3778  4
8605 3619  5
8790 3795  6
8586 3543  7
8605 3610  8
8803 3817  10
8835 3851  11
8865 3836  11
8753 3765  12
8738 3741  13
8732 3744  13
8931 3945  14
8639 3652  15
8800 3809  16
8897 3902  17
8728 3738  18
8687 3702  19
8695 3696  19
8696 3689  19
8802 3817  19
8474 3490  20
8727 3733  21
8726 3742  21
8848 3855  22
8777 3790  23
8599 3612  24
8674 3687  25
8762 3775  26
8645 3658  27
8647 3598  28
8650 3551  28
8625 3634  28
8705 3720  29
8703 3719  30
8741 3735  31
8671 3662  32
8664 3674  32
8833 3838  33
8830 3841  33
8627 3611  34
8593 3571  35
8754 3757  36
8645 3654  37
8650 3651  39
8547 3563  40
8797 3812  41
8627 3524  42
8622 3533  42
8797 3783  43
8977 3993  44
8692 3708  45
8759 3682  46
8855 3644  46
8686 3693  46
8644 3619  47
8625 3624  47
8719 3725  48
8708 3722  49
