9588 3999  0
9574 4006  0
9597 3968  0
9751 4212  1
9499 3960  1
9460 3908  3
9435 3880  4
9734 4150  4
9561 4019  5
9548 4005  6
9549 4001  6
9571 3996  6
9661 4122  7
9738 4181  8
9736 4195  8
9747 4176  8
9485 3940  10
9590 4032  11
9665 4108  12
9581 4038  13
9595 4031  14
9594 4045  14
9576 4003  15
9372 3810  16
9366 3821  16
9662 4123  17
9533 3969  18
9525 3985  18
9654 4093  19
9574 3980  19
9567 4001  19
9692 4094  20
9480 3941  21
9558 4018  22
9494 3947  23
9640 4101  24
9655 4099  24
9736 4192  25
9445 3894  26
9740 4146  27
9736 4197  28
9631 4083  29
9636 4082  29
9562 4020  30
9404 3840  31
9539 3999  32
9595 4053  33
9647 4095  34
9656 4093  34
9643 4101  34
9449 3909  35
9767 4222  36
9506 3967  37
9435 3846  39
9599 4014  40
9578 4031  40
9476 3919  41
9474 3928  41
9595 4054  42
9659 4108  43
9547 3949  44
9635 4086  45
9627 4088  46
