8237 3385  0
8235 3534  0
8365 3543  1
8319 3491  1
8098 3384  3
8274 3526  4
8251 3537  4
8116 3367  4
8230 3439  5
8174 3402  6
8231 3376  6
8155 3405  6
8188 3424  7
8129 3429  8
8218 3396  8
8242 3395  8
8190 3423  8
8181 3376  10
8416 3519  11
8436 3427  11
8432 3450  11
8421 3451  11
8419 3516  11
8467 3411  11
8214 3521  12
8261 3507  12
8408 3631  13
8412 3609  13
8379 3652  13
8397 3641  13
8165 3402  14
8204 3487  15
8230 3423  15
8238 3460  16
8161 3463  16
8249 3517  17
8256 3509  17
8240 3540  17
8466 3762  18
8463 3764  18
8501 3716  19
8498 3803  19
8502 3682  19
8305 3588  19
8184 3413  20
8164 3424  20
8272 3416  21
8276 3364  21
8255 3442  21
8159 3411  22
8177 3366  22
8166 3389  22
8212 3472  23
8190 3489  23
8284 3540  24
8280 3556  24
8341 3545  25
8340 3597  25
8341 3548  26
8266 3552  26
8197 3433  27
8278 3563  28
8187 3424  29
8267 3415  29
8321 3514  30
8178 3436  31
8272 3527  32
8196 3427  33
8200 3411  33
8280 3394  34
8273 3417  34
8396 3695  35
8433 3694  35
8177 3369  36
8299 3542  37
8124 3322  39
8238 3345  40
8215 3350  40
8210 3351  40
8296 3535  41
8304 3529  41
8179 3401  42
8184 3379  42
8285 3370  42
8169 3458  42
8289 3583  43
8247 3444  44
8197 3445  44
8262 3442  44
8172 3440  45
8194 3408  46
8103 3326  47
8101 3331  47
8413 3690  48
8417 3689  48
8394 3701  48
8445 3674  48
8216 3475  49
