8794 3493  0
8633 3357  1
8781 3590  1
8620 3330  3
8753 3483  4
8812 3418  4
8770 3256  4
8694 3398  4
8709 3345  4
8716 3333  4
8536 3309  5
8553 3289  5
8544 3169  6
8868 3596  7
8907 3559  7
8777 3402  8
8717 3476  8
8787 3358  8
8715 3184  10
8662 3293  10
8628 3300  10
8703 3242  11
8740 3164  11
8712 3348  12
8726 3346  12
8750 3279  12
8696 3349  12
8771 3458  13
8705 3482  13
8714 3468  13
8710 3472  13
8662 3218  14
8620 3303  15
8655 3290  15
8694 3221  15
8581 3330  15
8764 3322  16
8773 3423  17
8677 3440  17
8784 3497  18
8790 3486  18
8815 3479  18
8828 3474  18
8639 3323  19
8719 3262  19
8628 3384  19
8894 3460  19
8898 3445  19
8830 3467  19
8743 3547  20
8769 3532  20
8794 3501  20
8524 3205  21
8372 3155  22
8592 3324  23
8688 3189  23
8553 3361  23
8613 3221  23
8721 3245  24
8802 3230  24
8807 3224  24
8708 3435  24
8527 3068  25
8515 3081  25
8661 3147  26
8557 3314  27
8540 3325  27
8920 3589  28
8963 3484  28
8938 3575  28
9038 3418  28
8759 3353  29
8730 3514  30
8848 3468  30
8591 3293  31
8851 3573  32
8833 3578  32
8899 3571  32
8538 3128  33
8580 3093  33
8515 3228  33
8708 3364  34
8688 3319  35
8672 3331  35
8657 3353  35
8525 3297  36
8514 3302  36
8626 3273  37
8598 3136  39
8603 3392  40
8621 3375  40
8595 3148  41
8593 3169  41
8560 3325  42
8559 3330  42
8660 3445  43
8504 3302  44
8533 3291  44
8853 3514  45
8790 3528  45
8759 3559  45
8776 3383  46
8773 3388  46
8814 3353  46
8878 3367  47
8611 3283  48
8664 3136  48
8980 3472  49
8897 3513  49
