9424 4171  0
9507 4286  1
9253 3978  1
9522 4236  3
9380 4120  4
9370 4136  4
9385 4099  4
9323 3804  4
9395 4145  5
9390 4146  5
9552 4040  6
9468 4224  6
9571 4033  6
9478 4128  6
9298 3923  7
9215 3975  8
9224 3944  8
9221 3971  8
9682 4457  10
9255 4023  11
9262 4019  11
9593 4338  12
9584 4345  12
9175 3919  13
9162 3940  13
9411 4140  14
9442 4081  14
9385 4151  14
9439 4090  14
9478 4024  15
9333 4103  15
9539 4293  16
9542 4276  16
9578 4266  16
9532 4304  16
9438 4165  17
9412 4096  18
9422 4032  18
9261 3970  19
9473 4054  19
9471 4062  19
9429 4114  19
9259 3946  20
9272 3941  20
9250 3961  20
9224 3977  21
9319 3972  21
9578 4336  22
9633 4319  22
9587 4323  22
9460 4184  23
9586 4282  24
9077 3828  25
9320 4017  26
9335 4000  26
9302 4025  26
9207 3991  27
9294 3923  27
9475 4254  28
9474 4159  29
9504 4150  29
9437 4213  29
9182 3963  30
9337 4045  31
9341 3948  31
9279 4067  31
9308 4062  31
9280 3888  32
9248 3905  32
9242 3973  32
9418 4199  33
9433 4167  34
9287 4067  35
9541 4164  36
9513 4183  36
9326 3975  37
9350 3969  37
9404 3926  37
9302 4054  37
9362 3985  39
9282 4064  40
9636 4401  41
9342 4123  42
9363 4103  42
9331 4027  43
9339 3992  43
9320 4084  43
9291 4045  44
