8328 3468  0
8368 3461  0
8300 3557  1
8418 3619  1
8414 3465  3
8470 3562  4
8475 3519  4
8499 3498  4
8492 3501  4
8427 3674  4
8452 3495  5
8411 3497  5
8376 3487  6
8381 3507  7
8259 3516  8
8231 3522  8
8310 3529  10
8308 3536  10
8402 3664  11
8411 3647  11
8446 3642  11
8476 3639  11
8425 3671  12
8488 3668  12
8412 3692  12
8318 3449  13
8331 3446  13
8144 3400  14
8303 3437  15
8292 3509  15
8458 3528  16
8438 3541  16
8535 3717  17
8462 3492  18
8260 3503  19
8255 3535  19
8273 3499  19
8383 3398  19
8374 3482  19
8407 3395  19
8304 3312  20
8362 3427  21
8329 3489  21
8433 3685  22
8510 3674  22
8425 3707  22
8513 3651  22
8443 3685  23
8446 3536  23
8430 3696  23
8314 3517  24
8354 3514  24
8370 3511  24
8196 3210  25
8486 3650  26
8226 3438  27
8259 3396  27
8249 3406  27
8178 3407  28
8148 3442  28
8315 3589  29
8310 3365  30
8327 3347  30
8297 3372  30
8317 3356  30
8316 3443  31
8300 3497  32
8321 3493  32
8406 3612  33
8390 3619  33
8427 3557  33
8373 3630  33
8249 3355  34
8276 3548  35
8466 3486  36
8495 3484  36
8439 3624  36
8516 3652  37
8551 3624  37
8493 3705  37
8335 3519  39
8583 3630  40
8499 3720  40
8510 3712  40
8376 3595  41
8392 3577  41
8343 3627  41
8471 3703  42
8512 3700  42
8466 3714  42
8430 3561  43
8334 3428  44
8349 3631  45
8414 3586  45
8213 3354  46
8301 3358  47
8417 3686  48
8449 3650  48
8461 3613  48
8405 3692  48
8466 3567  49
8546 3541  49
8458 3663  49
8544 3543  49
