7874 3519  0
7765 3407  1
7755 3408  1
7709 3363  1
7652 3303  3
7637 3290  4
7636 3281  4
7631 3282  4
7658 3298  5
7953 3590  6
7676 3314  7
7859 3391  8
7797 3441  8
7783 3410  10
7781 3427  10
7668 3317  11
7918 3541  12
7928 3536  12
7738 3384  13
7734 3385  13
7737 3377  14
7887 3523  15
7741 3376  16
7644 3290  17
7994 3625  18
8000 3623  18
7759 3408  19
7781 3409  19
7635 3261  20
7647 3259  20
7771 3384  21
7754 3399  21
7783 3432  22
7694 3305  23
7677 3327  23
7664 3312  24
7672 3325  25
7866 3496  26
7757 3399  27
7754 3400  27
7723 3377  28
7886 3525  29
7912 3493  29
7876 3527  29
7889 3507  29
7745 3397  30
7652 3298  31
7847 3488  32
7661 3311  33
7666 3308  33
7716 3364  34
7717 3360  34
7886 3507  35
7714 3349  36
7699 3350  36
7662 3299  37
7646 3300  37
7697 3285  37
7894 3537  39
7600 3233  40
7774 3411  41
7766 3420  41
7759 3390  42
7751 3385  43
7745 3387  43
7705 3356  44
7736 3390  45
7758 3405  46
7759 3401  46
7754 3407  46
7699 3348  47
7635 3289  48
7683 3314  49
7670 3321  49
7684 3307  49
