8479 3296  0
8435 3301  0
8383 3214  1
8361 3256  1
8403 3207  1
8435 3218  1
8458 3322  3
8434 3338  3
8613 3281  4
8477 3292  4
8367 3253  4
8613 3307  5
8524 3345  5
8569 3311  5
8389 3217  6
8471 3207  6
8487 3038  6
8378 3242  6
8437 3282  7
8470 3236  7
8429 3326  7
8544 3231  7
8340 3240  8
8402 3277  10
8416 3216  10
8420 3208  10
8395 3283  10
8382 3137  11
8402 3113  11
8366 3199  12
8426 3118  13
8355 3162  13
8602 3426  14
8570 3459  14
8571 3448  14
8593 3440  14
8566 3473  14
8609 3399  14
8467 3335  15
8486 3331  15
8538 3381  16
8531 3396  16
8627 3480  17
8656 3445  17
8368 3121  18
8372 3100  18
8360 3232  18
8435 3068  18
8540 3295  19
8504 3383  19
8521 3363  19
8518 3364  19
8342 3167  19
8340 3172  19
8401 3251  20
8174 3065  21
8195 3053  21
8202 2997  21
8339 3242  22
8564 3376  23
8536 3412  23
8570 3444  24
8601 3414  24
8574 3420  25
8589 3359  25
8571 3445  25
8505 3351  26
8500 3407  26
8549 3338  26
8543 3249  27
8465 3302  28
8447 3320  28
8456 3312  28
8469 3283  28
8543 3294  29
8642 3287  29
8541 3304  29
8436 3322  30
8495 3301  30
8540 3317  31
8545 3314  31
8555 3310  31
8527 3364  31
8553 3440  32
8551 3444  32
8403 3309  33
8424 3261  34
8341 3227  35
8451 3227  36
8443 3230  36
8391 3260  37
8441 3255  37
8381 3277  37
8409 3239  39
8197 3037  40
8305 2988  40
8265 3024  40
8245 3034  40
8488 3350  41
8499 3346  41
8514 3314  41
8650 3198  42
8559 3218  42
8652 3187  42
8434 3333  43
8445 3138  44
8659 3441  45
8657 3509  45
8651 3517  45
8649 3554  45
8310 3213  46
8403 3296  47
8487 3349  48
8470 3376  48
8435 3242  49
