9043 3762  0
9205 3924  1
9221 3828  1
9240 3814  1
9202 3965  1
9353 4119  1
9114 3890  3
8988 3677  4
9030 3628  4
8994 3676  4
8998 3666  4
9167 3931  4
9160 3935  4
9002 3763  5
8999 3768  5
9152 3905  6
9144 3911  7
9212 3975  8
9004 3740  10
9062 3800  11
9269 3999  12
9265 4020  12
9259 4022  12
9084 3849  13
9093 3848  13
9107 3845  14
9248 3923  15
9102 3856  16
8956 3721  17
9068 3838  18
9116 3862  19
9247 3910  19
9236 3975  19
9038 3812  20
9065 3794  20
9057 3807  20
9001 3724  21
8990 3744  21
9249 4000  22
9071 3773  23
9065 3840  23
9115 3891  24
9132 3895  25
9037 3804  26
9281 3984  27
9241 4007  27
9183 3768  28
9103 3863  28
9115 3883  29
8951 3725  30
8981 3757  31
9109 3866  32
9108 3875  32
9126 3848  32
9082 3779  33
9021 3795  34
9043 3803  35
8980 3720  36
9101 3874  37
8824 3562  39
8817 3566  39
9257 4027  40
9105 3863  41
9201 3964  42
9262 3954  43
9254 3989  43
8989 3765  44
